-98,-78,3tLRbq8qHzedu5R6QLNBDt/wSh0=,XkriSlr59Rr09f+Csq7/JYbdQlQ=
-97,-65,3tLRbq8qHzedu5R6QLNBDt/wSh0=,XkriSlr59Rr09f+Csq7/JYbdQlQ=
-99,-78,3tLRbq8qHzedu5R6QLNBDt/wSh0=,XkriSlr59Rr09f+Csq7/JYbdQlQ=
-109,-80,3tLRbq8qHzedu5R6QLNBDt/wSh0=,XkriSlr59Rr09f+Csq7/JYbdQlQ=
-98,-65,3tLRbq8qHzedu5R6QLNBDt/wSh0=,XkriSlr59Rr09f+Csq7/JYbdQlQ=
-99,-65,3tLRbq8qHzedu5R6QLNBDt/wSh0=,XkriSlr59Rr09f+Csq7/JYbdQlQ=
-100,-65,3tLRbq8qHzedu5R6QLNBDt/wSh0=,XkriSlr59Rr09f+Csq7/JYbdQlQ=
-101,-65,3tLRbq8qHzedu5R6QLNBDt/wSh0=,XkriSlr59Rr09f+Csq7/JYbdQlQ=
-102,-65,3tLRbq8qHzedu5R6QLNBDt/wSh0=,XkriSlr59Rr09f+Csq7/JYbdQlQ=
-103,-65,3tLRbq8qHzedu5R6QLNBDt/wSh0=,XkriSlr59Rr09f+Csq7/JYbdQlQ=
-104,-65,3tLRbq8qHzedu5R6QLNBDt/wSh0=,XkriSlr59Rr09f+Csq7/JYbdQlQ=
-105,-65,Z05u3tz9025A9cYJPdQO0fe3VTk=,XkriSlr59Rr09f+Csq7/JYbdQlQ=
-106,-65,Z05u3tz9025A9cYJPdQO0fe3VTk=,XkriSlr59Rr09f+Csq7/JYbdQlQ=
-107,-65,Z05u3tz9025A9cYJPdQO0fe3VTk=,XkriSlr59Rr09f+Csq7/JYbdQlQ=
-108,-65,Z05u3tz9025A9cYJPdQO0fe3VTk=,XkriSlr59Rr09f+Csq7/JYbdQlQ=
-109,-65,Z05u3tz9025A9cYJPdQO0fe3VTk=,XkriSlr59Rr09f+Csq7/JYbdQlQ=
-110,-65,Z05u3tz9025A9cYJPdQO0fe3VTk=,XkriSlr59Rr09f+Csq7/JYbdQlQ=
-97,-79,Z05u3tz9025A9cYJPdQO0fe3VTk=,XkriSlr59Rr09f+Csq7/JYbdQlQ=
-111,-65,Z05u3tz9025A9cYJPdQO0fe3VTk=,XkriSlr59Rr09f+Csq7/JYbdQlQ=
-111,-79,Z05u3tz9025A9cYJPdQO0fe3VTk=,XkriSlr59Rr09f+Csq7/JYbdQlQ=
-98,-79,Z05u3tz9025A9cYJPdQO0fe3VTk=,XkriSlr59Rr09f+Csq7/JYbdQlQ=
-99,-79,Z05u3tz9025A9cYJPdQO0fe3VTk=,XkriSlr59Rr09f+Csq7/JYbdQlQ=
-100,-79,Z05u3tz9025A9cYJPdQO0fe3VTk=,XkriSlr59Rr09f+Csq7/JYbdQlQ=
-101,-79,Z05u3tz9025A9cYJPdQO0fe3VTk=,XkriSlr59Rr09f+Csq7/JYbdQlQ=
-112,-65,Z05u3tz9025A9cYJPdQO0fe3VTk=,XkriSlr59Rr09f+Csq7/JYbdQlQ=
-102,-79,Z05u3tz9025A9cYJPdQO0fe3VTk=,XkriSlr59Rr09f+Csq7/JYbdQlQ=
-103,-79,Z05u3tz9025A9cYJPdQO0fe3VTk=,XkriSlr59Rr09f+Csq7/JYbdQlQ=
-104,-79,Z05u3tz9025A9cYJPdQO0fe3VTk=,XkriSlr59Rr09f+Csq7/JYbdQlQ=
-105,-79,Z05u3tz9025A9cYJPdQO0fe3VTk=,XkriSlr59Rr09f+Csq7/JYbdQlQ=
-106,-79,Z05u3tz9025A9cYJPdQO0fe3VTk=,XkriSlr59Rr09f+Csq7/JYbdQlQ=
-107,-79,Z05u3tz9025A9cYJPdQO0fe3VTk=,XkriSlr59Rr09f+Csq7/JYbdQlQ=
-108,-79,Z05u3tz9025A9cYJPdQO0fe3VTk=,XkriSlr59Rr09f+Csq7/JYbdQlQ=
-109,-79,Z05u3tz9025A9cYJPdQO0fe3VTk=,XkriSlr59Rr09f+Csq7/JYbdQlQ=
-110,-79,Z05u3tz9025A9cYJPdQO0fe3VTk=,XkriSlr59Rr09f+Csq7/JYbdQlQ=
-97,-66,Z05u3tz9025A9cYJPdQO0fe3VTk=,XkriSlr59Rr09f+Csq7/JYbdQlQ=
-98,-66,Z05u3tz9025A9cYJPdQO0fe3VTk=,XkriSlr59Rr09f+Csq7/JYbdQlQ=
-110,-80,Z05u3tz9025A9cYJPdQO0fe3VTk=,XkriSlr59Rr09f+Csq7/JYbdQlQ=
-100,-78,Z05u3tz9025A9cYJPdQO0fe3VTk=,XkriSlr59Rr09f+Csq7/JYbdQlQ=
-99,-66,Z05u3tz9025A9cYJPdQO0fe3VTk=,XkriSlr59Rr09f+Csq7/JYbdQlQ=
-100,-66,Z05u3tz9025A9cYJPdQO0fe3VTk=,XkriSlr59Rr09f+Csq7/JYbdQlQ=
-101,-66,Z05u3tz9025A9cYJPdQO0fe3VTk=,XkriSlr59Rr09f+Csq7/JYbdQlQ=
-102,-66,Z05u3tz9025A9cYJPdQO0fe3VTk=,XkriSlr59Rr09f+Csq7/JYbdQlQ=
-103,-66,Z05u3tz9025A9cYJPdQO0fe3VTk=,XkriSlr59Rr09f+Csq7/JYbdQlQ=
-104,-66,Z05u3tz9025A9cYJPdQO0fe3VTk=,XkriSlr59Rr09f+Csq7/JYbdQlQ=
-105,-66,Z05u3tz9025A9cYJPdQO0fe3VTk=,XkriSlr59Rr09f+Csq7/JYbdQlQ=
-106,-66,Z05u3tz9025A9cYJPdQO0fe3VTk=,XkriSlr59Rr09f+Csq7/JYbdQlQ=
-107,-66,Z05u3tz9025A9cYJPdQO0fe3VTk=,XkriSlr59Rr09f+Csq7/JYbdQlQ=
-108,-66,Z05u3tz9025A9cYJPdQO0fe3VTk=,XkriSlr59Rr09f+Csq7/JYbdQlQ=
-109,-66,Z05u3tz9025A9cYJPdQO0fe3VTk=,XkriSlr59Rr09f+Csq7/JYbdQlQ=
-110,-66,Z05u3tz9025A9cYJPdQO0fe3VTk=,XkriSlr59Rr09f+Csq7/JYbdQlQ=
-111,-66,Z05u3tz9025A9cYJPdQO0fe3VTk=,XkriSlr59Rr09f+Csq7/JYbdQlQ=
-112,-66,Z05u3tz9025A9cYJPdQO0fe3VTk=,XkriSlr59Rr09f+Csq7/JYbdQlQ=
-112,-79,Z05u3tz9025A9cYJPdQO0fe3VTk=,XkriSlr59Rr09f+Csq7/JYbdQlQ=
-97,-67,Z05u3tz9025A9cYJPdQO0fe3VTk=,XkriSlr59Rr09f+Csq7/JYbdQlQ=
-98,-67,Z05u3tz9025A9cYJPdQO0fe3VTk=,XkriSlr59Rr09f+Csq7/JYbdQlQ=
-97,-80,Z05u3tz9025A9cYJPdQO0fe3VTk=,XkriSlr59Rr09f+Csq7/JYbdQlQ=
-99,-67,Z05u3tz9025A9cYJPdQO0fe3VTk=,XkriSlr59Rr09f+Csq7/JYbdQlQ=
-101,-78,Z05u3tz9025A9cYJPdQO0fe3VTk=,XkriSlr59Rr09f+Csq7/JYbdQlQ=
-100,-67,Z05u3tz9025A9cYJPdQO0fe3VTk=,XkriSlr59Rr09f+Csq7/JYbdQlQ=
-101,-67,Z05u3tz9025A9cYJPdQO0fe3VTk=,XkriSlr59Rr09f+Csq7/JYbdQlQ=
-102,-67,Z05u3tz9025A9cYJPdQO0fe3VTk=,XkriSlr59Rr09f+Csq7/JYbdQlQ=
-103,-67,Z05u3tz9025A9cYJPdQO0fe3VTk=,XkriSlr59Rr09f+Csq7/JYbdQlQ=
-104,-67,Z05u3tz9025A9cYJPdQO0fe3VTk=,XkriSlr59Rr09f+Csq7/JYbdQlQ=
-105,-67,Z05u3tz9025A9cYJPdQO0fe3VTk=,XkriSlr59Rr09f+Csq7/JYbdQlQ=
-106,-67,Z05u3tz9025A9cYJPdQO0fe3VTk=,XkriSlr59Rr09f+Csq7/JYbdQlQ=
-107,-67,Z05u3tz9025A9cYJPdQO0fe3VTk=,XkriSlr59Rr09f+Csq7/JYbdQlQ=
-108,-67,Z05u3tz9025A9cYJPdQO0fe3VTk=,XkriSlr59Rr09f+Csq7/JYbdQlQ=
-109,-67,Z05u3tz9025A9cYJPdQO0fe3VTk=,XkriSlr59Rr09f+Csq7/JYbdQlQ=
-110,-67,Z05u3tz9025A9cYJPdQO0fe3VTk=,XkriSlr59Rr09f+Csq7/JYbdQlQ=
-111,-67,Z05u3tz9025A9cYJPdQO0fe3VTk=,XkriSlr59Rr09f+Csq7/JYbdQlQ=
-112,-67,Z05u3tz9025A9cYJPdQO0fe3VTk=,XkriSlr59Rr09f+Csq7/JYbdQlQ=
-111,-80,Z05u3tz9025A9cYJPdQO0fe3VTk=,XkriSlr59Rr09f+Csq7/JYbdQlQ=
-97,-68,Z05u3tz9025A9cYJPdQO0fe3VTk=,XkriSlr59Rr09f+Csq7/JYbdQlQ=
-98,-68,Z05u3tz9025A9cYJPdQO0fe3VTk=,XkriSlr59Rr09f+Csq7/JYbdQlQ=
-99,-68,Z05u3tz9025A9cYJPdQO0fe3VTk=,XkriSlr59Rr09f+Csq7/JYbdQlQ=
-100,-68,Z05u3tz9025A9cYJPdQO0fe3VTk=,XkriSlr59Rr09f+Csq7/JYbdQlQ=
-98,-80,Z05u3tz9025A9cYJPdQO0fe3VTk=,XkriSlr59Rr09f+Csq7/JYbdQlQ=
-102,-78,Z05u3tz9025A9cYJPdQO0fe3VTk=,XkriSlr59Rr09f+Csq7/JYbdQlQ=
-101,-68,Z05u3tz9025A9cYJPdQO0fe3VTk=,XkriSlr59Rr09f+Csq7/JYbdQlQ=
-102,-68,Z05u3tz9025A9cYJPdQO0fe3VTk=,XkriSlr59Rr09f+Csq7/JYbdQlQ=
-103,-68,Z05u3tz9025A9cYJPdQO0fe3VTk=,XkriSlr59Rr09f+Csq7/JYbdQlQ=
-104,-68,Z05u3tz9025A9cYJPdQO0fe3VTk=,XkriSlr59Rr09f+Csq7/JYbdQlQ=
-105,-68,Z05u3tz9025A9cYJPdQO0fe3VTk=,XkriSlr59Rr09f+Csq7/JYbdQlQ=
-106,-68,Z05u3tz9025A9cYJPdQO0fe3VTk=,XkriSlr59Rr09f+Csq7/JYbdQlQ=
-107,-68,Z05u3tz9025A9cYJPdQO0fe3VTk=,XkriSlr59Rr09f+Csq7/JYbdQlQ=
-108,-68,Z05u3tz9025A9cYJPdQO0fe3VTk=,XkriSlr59Rr09f+Csq7/JYbdQlQ=
-109,-68,Z05u3tz9025A9cYJPdQO0fe3VTk=,XkriSlr59Rr09f+Csq7/JYbdQlQ=
-110,-68,Z05u3tz9025A9cYJPdQO0fe3VTk=,XkriSlr59Rr09f+Csq7/JYbdQlQ=
-111,-68,Z05u3tz9025A9cYJPdQO0fe3VTk=,XkriSlr59Rr09f+Csq7/JYbdQlQ=
-112,-68,Z05u3tz9025A9cYJPdQO0fe3VTk=,XkriSlr59Rr09f+Csq7/JYbdQlQ=
-97,-69,Z05u3tz9025A9cYJPdQO0fe3VTk=,XkriSlr59Rr09f+Csq7/JYbdQlQ=
-98,-69,Z05u3tz9025A9cYJPdQO0fe3VTk=,XkriSlr59Rr09f+Csq7/JYbdQlQ=
-99,-69,Z05u3tz9025A9cYJPdQO0fe3VTk=,XkriSlr59Rr09f+Csq7/JYbdQlQ=
-100,-69,Z05u3tz9025A9cYJPdQO0fe3VTk=,XkriSlr59Rr09f+Csq7/JYbdQlQ=
-101,-69,Z05u3tz9025A9cYJPdQO0fe3VTk=,XkriSlr59Rr09f+Csq7/JYbdQlQ=
-99,-80,Z05u3tz9025A9cYJPdQO0fe3VTk=,XkriSlr59Rr09f+Csq7/JYbdQlQ=
-103,-78,Z05u3tz9025A9cYJPdQO0fe3VTk=,XkriSlr59Rr09f+Csq7/JYbdQlQ=
-102,-69,Z05u3tz9025A9cYJPdQO0fe3VTk=,XkriSlr59Rr09f+Csq7/JYbdQlQ=
-103,-69,Z05u3tz9025A9cYJPdQO0fe3VTk=,XkriSlr59Rr09f+Csq7/JYbdQlQ=
-104,-69,Z05u3tz9025A9cYJPdQO0fe3VTk=,XkriSlr59Rr09f+Csq7/JYbdQlQ=
-105,-69,Z05u3tz9025A9cYJPdQO0fe3VTk=,XkriSlr59Rr09f+Csq7/JYbdQlQ=
-106,-69,Z05u3tz9025A9cYJPdQO0fe3VTk=,XkriSlr59Rr09f+Csq7/JYbdQlQ=
-107,-69,Z05u3tz9025A9cYJPdQO0fe3VTk=,XkriSlr59Rr09f+Csq7/JYbdQlQ=
-108,-69,Z05u3tz9025A9cYJPdQO0fe3VTk=,XkriSlr59Rr09f+Csq7/JYbdQlQ=
-109,-69,Z05u3tz9025A9cYJPdQO0fe3VTk=,XkriSlr59Rr09f+Csq7/JYbdQlQ=
-110,-69,Z05u3tz9025A9cYJPdQO0fe3VTk=,XkriSlr59Rr09f+Csq7/JYbdQlQ=
-111,-69,Z05u3tz9025A9cYJPdQO0fe3VTk=,XkriSlr59Rr09f+Csq7/JYbdQlQ=
-112,-69,Z05u3tz9025A9cYJPdQO0fe3VTk=,XkriSlr59Rr09f+Csq7/JYbdQlQ=
-97,-70,Z05u3tz9025A9cYJPdQO0fe3VTk=,XkriSlr59Rr09f+Csq7/JYbdQlQ=
-98,-70,Z05u3tz9025A9cYJPdQO0fe3VTk=,XkriSlr59Rr09f+Csq7/JYbdQlQ=
-99,-70,Z05u3tz9025A9cYJPdQO0fe3VTk=,XkriSlr59Rr09f+Csq7/JYbdQlQ=
-100,-70,Z05u3tz9025A9cYJPdQO0fe3VTk=,XkriSlr59Rr09f+Csq7/JYbdQlQ=
-101,-70,Z05u3tz9025A9cYJPdQO0fe3VTk=,XkriSlr59Rr09f+Csq7/JYbdQlQ=
-102,-70,Z05u3tz9025A9cYJPdQO0fe3VTk=,XkriSlr59Rr09f+Csq7/JYbdQlQ=
-100,-80,Z05u3tz9025A9cYJPdQO0fe3VTk=,XkriSlr59Rr09f+Csq7/JYbdQlQ=
-104,-78,Z05u3tz9025A9cYJPdQO0fe3VTk=,XkriSlr59Rr09f+Csq7/JYbdQlQ=
-103,-70,Z05u3tz9025A9cYJPdQO0fe3VTk=,XkriSlr59Rr09f+Csq7/JYbdQlQ=
-104,-70,Z05u3tz9025A9cYJPdQO0fe3VTk=,XkriSlr59Rr09f+Csq7/JYbdQlQ=
-105,-70,Z05u3tz9025A9cYJPdQO0fe3VTk=,XkriSlr59Rr09f+Csq7/JYbdQlQ=
-106,-70,Z05u3tz9025A9cYJPdQO0fe3VTk=,XkriSlr59Rr09f+Csq7/JYbdQlQ=
-107,-70,Z05u3tz9025A9cYJPdQO0fe3VTk=,XkriSlr59Rr09f+Csq7/JYbdQlQ=
-108,-70,Z05u3tz9025A9cYJPdQO0fe3VTk=,XkriSlr59Rr09f+Csq7/JYbdQlQ=
-109,-70,Z05u3tz9025A9cYJPdQO0fe3VTk=,XkriSlr59Rr09f+Csq7/JYbdQlQ=
-110,-70,Z05u3tz9025A9cYJPdQO0fe3VTk=,XkriSlr59Rr09f+Csq7/JYbdQlQ=
-111,-70,Z05u3tz9025A9cYJPdQO0fe3VTk=,XkriSlr59Rr09f+Csq7/JYbdQlQ=
-112,-70,Z05u3tz9025A9cYJPdQO0fe3VTk=,XkriSlr59Rr09f+Csq7/JYbdQlQ=
-97,-71,Z05u3tz9025A9cYJPdQO0fe3VTk=,XkriSlr59Rr09f+Csq7/JYbdQlQ=
-98,-71,Z05u3tz9025A9cYJPdQO0fe3VTk=,XkriSlr59Rr09f+Csq7/JYbdQlQ=
-99,-71,Z05u3tz9025A9cYJPdQO0fe3VTk=,XkriSlr59Rr09f+Csq7/JYbdQlQ=
-100,-71,Z05u3tz9025A9cYJPdQO0fe3VTk=,XkriSlr59Rr09f+Csq7/JYbdQlQ=
-101,-71,Z05u3tz9025A9cYJPdQO0fe3VTk=,XkriSlr59Rr09f+Csq7/JYbdQlQ=
-102,-71,Z05u3tz9025A9cYJPdQO0fe3VTk=,XkriSlr59Rr09f+Csq7/JYbdQlQ=
-103,-71,Z05u3tz9025A9cYJPdQO0fe3VTk=,XkriSlr59Rr09f+Csq7/JYbdQlQ=
-101,-80,Z05u3tz9025A9cYJPdQO0fe3VTk=,XkriSlr59Rr09f+Csq7/JYbdQlQ=
-105,-78,Z05u3tz9025A9cYJPdQO0fe3VTk=,XkriSlr59Rr09f+Csq7/JYbdQlQ=
-104,-71,Z05u3tz9025A9cYJPdQO0fe3VTk=,XkriSlr59Rr09f+Csq7/JYbdQlQ=
-105,-71,Z05u3tz9025A9cYJPdQO0fe3VTk=,XkriSlr59Rr09f+Csq7/JYbdQlQ=
-106,-71,Z05u3tz9025A9cYJPdQO0fe3VTk=,XkriSlr59Rr09f+Csq7/JYbdQlQ=
-107,-71,Z05u3tz9025A9cYJPdQO0fe3VTk=,XkriSlr59Rr09f+Csq7/JYbdQlQ=
-108,-71,Z05u3tz9025A9cYJPdQO0fe3VTk=,XkriSlr59Rr09f+Csq7/JYbdQlQ=
-109,-71,Z05u3tz9025A9cYJPdQO0fe3VTk=,XkriSlr59Rr09f+Csq7/JYbdQlQ=
-110,-71,Z05u3tz9025A9cYJPdQO0fe3VTk=,XkriSlr59Rr09f+Csq7/JYbdQlQ=
-111,-71,Z05u3tz9025A9cYJPdQO0fe3VTk=,XkriSlr59Rr09f+Csq7/JYbdQlQ=
-112,-71,Z05u3tz9025A9cYJPdQO0fe3VTk=,XkriSlr59Rr09f+Csq7/JYbdQlQ=
-97,-72,Z05u3tz9025A9cYJPdQO0fe3VTk=,XkriSlr59Rr09f+Csq7/JYbdQlQ=
-98,-72,Z05u3tz9025A9cYJPdQO0fe3VTk=,XkriSlr59Rr09f+Csq7/JYbdQlQ=
-99,-72,Z05u3tz9025A9cYJPdQO0fe3VTk=,XkriSlr59Rr09f+Csq7/JYbdQlQ=
-100,-72,Z05u3tz9025A9cYJPdQO0fe3VTk=,XkriSlr59Rr09f+Csq7/JYbdQlQ=
-101,-72,Z05u3tz9025A9cYJPdQO0fe3VTk=,XkriSlr59Rr09f+Csq7/JYbdQlQ=
-102,-72,Z05u3tz9025A9cYJPdQO0fe3VTk=,XkriSlr59Rr09f+Csq7/JYbdQlQ=
-103,-72,Z05u3tz9025A9cYJPdQO0fe3VTk=,XkriSlr59Rr09f+Csq7/JYbdQlQ=
-104,-72,Z05u3tz9025A9cYJPdQO0fe3VTk=,XkriSlr59Rr09f+Csq7/JYbdQlQ=
-102,-80,Z05u3tz9025A9cYJPdQO0fe3VTk=,XkriSlr59Rr09f+Csq7/JYbdQlQ=
-106,-78,Z05u3tz9025A9cYJPdQO0fe3VTk=,XkriSlr59Rr09f+Csq7/JYbdQlQ=
-105,-72,Z05u3tz9025A9cYJPdQO0fe3VTk=,XkriSlr59Rr09f+Csq7/JYbdQlQ=
-106,-72,Z05u3tz9025A9cYJPdQO0fe3VTk=,XkriSlr59Rr09f+Csq7/JYbdQlQ=
-107,-72,Z05u3tz9025A9cYJPdQO0fe3VTk=,XkriSlr59Rr09f+Csq7/JYbdQlQ=
-108,-72,Z05u3tz9025A9cYJPdQO0fe3VTk=,XkriSlr59Rr09f+Csq7/JYbdQlQ=
-109,-72,Z05u3tz9025A9cYJPdQO0fe3VTk=,XkriSlr59Rr09f+Csq7/JYbdQlQ=
-110,-72,Z05u3tz9025A9cYJPdQO0fe3VTk=,XkriSlr59Rr09f+Csq7/JYbdQlQ=
-111,-72,Z05u3tz9025A9cYJPdQO0fe3VTk=,XkriSlr59Rr09f+Csq7/JYbdQlQ=
-112,-72,Z05u3tz9025A9cYJPdQO0fe3VTk=,XkriSlr59Rr09f+Csq7/JYbdQlQ=
-97,-73,Z05u3tz9025A9cYJPdQO0fe3VTk=,XkriSlr59Rr09f+Csq7/JYbdQlQ=
-98,-73,Z05u3tz9025A9cYJPdQO0fe3VTk=,XkriSlr59Rr09f+Csq7/JYbdQlQ=
-99,-73,Z05u3tz9025A9cYJPdQO0fe3VTk=,XkriSlr59Rr09f+Csq7/JYbdQlQ=
-100,-73,Z05u3tz9025A9cYJPdQO0fe3VTk=,XkriSlr59Rr09f+Csq7/JYbdQlQ=
-101,-73,Z05u3tz9025A9cYJPdQO0fe3VTk=,XkriSlr59Rr09f+Csq7/JYbdQlQ=
-102,-73,Z05u3tz9025A9cYJPdQO0fe3VTk=,XkriSlr59Rr09f+Csq7/JYbdQlQ=
-103,-73,Z05u3tz9025A9cYJPdQO0fe3VTk=,XkriSlr59Rr09f+Csq7/JYbdQlQ=
-104,-73,Z05u3tz9025A9cYJPdQO0fe3VTk=,XkriSlr59Rr09f+Csq7/JYbdQlQ=
-105,-73,Z05u3tz9025A9cYJPdQO0fe3VTk=,XkriSlr59Rr09f+Csq7/JYbdQlQ=
-103,-80,Z05u3tz9025A9cYJPdQO0fe3VTk=,XkriSlr59Rr09f+Csq7/JYbdQlQ=
-107,-78,Z05u3tz9025A9cYJPdQO0fe3VTk=,XkriSlr59Rr09f+Csq7/JYbdQlQ=
-106,-73,Z05u3tz9025A9cYJPdQO0fe3VTk=,XkriSlr59Rr09f+Csq7/JYbdQlQ=
-107,-73,Z05u3tz9025A9cYJPdQO0fe3VTk=,XkriSlr59Rr09f+Csq7/JYbdQlQ=
-108,-73,Z05u3tz9025A9cYJPdQO0fe3VTk=,XkriSlr59Rr09f+Csq7/JYbdQlQ=
-109,-73,Z05u3tz9025A9cYJPdQO0fe3VTk=,XkriSlr59Rr09f+Csq7/JYbdQlQ=
-110,-73,Z05u3tz9025A9cYJPdQO0fe3VTk=,XkriSlr59Rr09f+Csq7/JYbdQlQ=
-111,-73,Z05u3tz9025A9cYJPdQO0fe3VTk=,XkriSlr59Rr09f+Csq7/JYbdQlQ=
-112,-73,Z05u3tz9025A9cYJPdQO0fe3VTk=,XkriSlr59Rr09f+Csq7/JYbdQlQ=
-97,-74,Z05u3tz9025A9cYJPdQO0fe3VTk=,XkriSlr59Rr09f+Csq7/JYbdQlQ=
-98,-74,Z05u3tz9025A9cYJPdQO0fe3VTk=,XkriSlr59Rr09f+Csq7/JYbdQlQ=
-99,-74,Z05u3tz9025A9cYJPdQO0fe3VTk=,XkriSlr59Rr09f+Csq7/JYbdQlQ=
-100,-74,Z05u3tz9025A9cYJPdQO0fe3VTk=,XkriSlr59Rr09f+Csq7/JYbdQlQ=
-101,-74,Z05u3tz9025A9cYJPdQO0fe3VTk=,XkriSlr59Rr09f+Csq7/JYbdQlQ=
-102,-74,Z05u3tz9025A9cYJPdQO0fe3VTk=,XkriSlr59Rr09f+Csq7/JYbdQlQ=
-103,-74,Z05u3tz9025A9cYJPdQO0fe3VTk=,XkriSlr59Rr09f+Csq7/JYbdQlQ=
-104,-74,Z05u3tz9025A9cYJPdQO0fe3VTk=,XkriSlr59Rr09f+Csq7/JYbdQlQ=
-105,-74,Z05u3tz9025A9cYJPdQO0fe3VTk=,XkriSlr59Rr09f+Csq7/JYbdQlQ=
-106,-74,Z05u3tz9025A9cYJPdQO0fe3VTk=,XkriSlr59Rr09f+Csq7/JYbdQlQ=
-104,-80,Z05u3tz9025A9cYJPdQO0fe3VTk=,XkriSlr59Rr09f+Csq7/JYbdQlQ=
-108,-78,Z05u3tz9025A9cYJPdQO0fe3VTk=,XkriSlr59Rr09f+Csq7/JYbdQlQ=
-107,-74,Z05u3tz9025A9cYJPdQO0fe3VTk=,XkriSlr59Rr09f+Csq7/JYbdQlQ=
-108,-74,Z05u3tz9025A9cYJPdQO0fe3VTk=,XkriSlr59Rr09f+Csq7/JYbdQlQ=
-109,-74,Z05u3tz9025A9cYJPdQO0fe3VTk=,XkriSlr59Rr09f+Csq7/JYbdQlQ=
-110,-74,Z05u3tz9025A9cYJPdQO0fe3VTk=,XkriSlr59Rr09f+Csq7/JYbdQlQ=
-111,-74,Z05u3tz9025A9cYJPdQO0fe3VTk=,XkriSlr59Rr09f+Csq7/JYbdQlQ=
-112,-74,Z05u3tz9025A9cYJPdQO0fe3VTk=,XkriSlr59Rr09f+Csq7/JYbdQlQ=
-97,-75,Z05u3tz9025A9cYJPdQO0fe3VTk=,XkriSlr59Rr09f+Csq7/JYbdQlQ=
-112,-80,Z05u3tz9025A9cYJPdQO0fe3VTk=,XkriSlr59Rr09f+Csq7/JYbdQlQ=
-98,-75,Z05u3tz9025A9cYJPdQO0fe3VTk=,XkriSlr59Rr09f+Csq7/JYbdQlQ=
-99,-75,Z05u3tz9025A9cYJPdQO0fe3VTk=,XkriSlr59Rr09f+Csq7/JYbdQlQ=
-100,-75,Z05u3tz9025A9cYJPdQO0fe3VTk=,XkriSlr59Rr09f+Csq7/JYbdQlQ=
-101,-75,Z05u3tz9025A9cYJPdQO0fe3VTk=,XkriSlr59Rr09f+Csq7/JYbdQlQ=
-102,-75,Z05u3tz9025A9cYJPdQO0fe3VTk=,XkriSlr59Rr09f+Csq7/JYbdQlQ=
-103,-75,Z05u3tz9025A9cYJPdQO0fe3VTk=,XkriSlr59Rr09f+Csq7/JYbdQlQ=
-104,-75,Z05u3tz9025A9cYJPdQO0fe3VTk=,XkriSlr59Rr09f+Csq7/JYbdQlQ=
-105,-75,Z05u3tz9025A9cYJPdQO0fe3VTk=,XkriSlr59Rr09f+Csq7/JYbdQlQ=
-106,-75,Z05u3tz9025A9cYJPdQO0fe3VTk=,XkriSlr59Rr09f+Csq7/JYbdQlQ=
-107,-75,Z05u3tz9025A9cYJPdQO0fe3VTk=,XkriSlr59Rr09f+Csq7/JYbdQlQ=
-105,-80,Z05u3tz9025A9cYJPdQO0fe3VTk=,XkriSlr59Rr09f+Csq7/JYbdQlQ=
-109,-78,Z05u3tz9025A9cYJPdQO0fe3VTk=,XkriSlr59Rr09f+Csq7/JYbdQlQ=
-108,-75,Z05u3tz9025A9cYJPdQO0fe3VTk=,XkriSlr59Rr09f+Csq7/JYbdQlQ=
-109,-75,Z05u3tz9025A9cYJPdQO0fe3VTk=,XkriSlr59Rr09f+Csq7/JYbdQlQ=
-110,-75,Z05u3tz9025A9cYJPdQO0fe3VTk=,XkriSlr59Rr09f+Csq7/JYbdQlQ=
-111,-75,Z05u3tz9025A9cYJPdQO0fe3VTk=,XkriSlr59Rr09f+Csq7/JYbdQlQ=
-112,-75,Z05u3tz9025A9cYJPdQO0fe3VTk=,XkriSlr59Rr09f+Csq7/JYbdQlQ=
-97,-76,Z05u3tz9025A9cYJPdQO0fe3VTk=,XkriSlr59Rr09f+Csq7/JYbdQlQ=
-106,-80,Z05u3tz9025A9cYJPdQO0fe3VTk=,XkriSlr59Rr09f+Csq7/JYbdQlQ=
-98,-76,Z05u3tz9025A9cYJPdQO0fe3VTk=,XkriSlr59Rr09f+Csq7/JYbdQlQ=
-99,-76,Z05u3tz9025A9cYJPdQO0fe3VTk=,XkriSlr59Rr09f+Csq7/JYbdQlQ=
-100,-76,Z05u3tz9025A9cYJPdQO0fe3VTk=,XkriSlr59Rr09f+Csq7/JYbdQlQ=
-101,-76,Z05u3tz9025A9cYJPdQO0fe3VTk=,XkriSlr59Rr09f+Csq7/JYbdQlQ=
-102,-76,Z05u3tz9025A9cYJPdQO0fe3VTk=,XkriSlr59Rr09f+Csq7/JYbdQlQ=
-103,-76,Z05u3tz9025A9cYJPdQO0fe3VTk=,XkriSlr59Rr09f+Csq7/JYbdQlQ=
-104,-76,Z05u3tz9025A9cYJPdQO0fe3VTk=,XkriSlr59Rr09f+Csq7/JYbdQlQ=
-105,-76,Z05u3tz9025A9cYJPdQO0fe3VTk=,XkriSlr59Rr09f+Csq7/JYbdQlQ=
-106,-76,Z05u3tz9025A9cYJPdQO0fe3VTk=,XkriSlr59Rr09f+Csq7/JYbdQlQ=
-107,-76,Z05u3tz9025A9cYJPdQO0fe3VTk=,XkriSlr59Rr09f+Csq7/JYbdQlQ=
-108,-76,Z05u3tz9025A9cYJPdQO0fe3VTk=,XkriSlr59Rr09f+Csq7/JYbdQlQ=
-107,-80,Z05u3tz9025A9cYJPdQO0fe3VTk=,XkriSlr59Rr09f+Csq7/JYbdQlQ=
-110,-78,Z05u3tz9025A9cYJPdQO0fe3VTk=,XkriSlr59Rr09f+Csq7/JYbdQlQ=
-109,-76,Z05u3tz9025A9cYJPdQO0fe3VTk=,XkriSlr59Rr09f+Csq7/JYbdQlQ=
-110,-76,Z05u3tz9025A9cYJPdQO0fe3VTk=,XkriSlr59Rr09f+Csq7/JYbdQlQ=
-111,-76,Z05u3tz9025A9cYJPdQO0fe3VTk=,XkriSlr59Rr09f+Csq7/JYbdQlQ=
-112,-76,Z05u3tz9025A9cYJPdQO0fe3VTk=,XkriSlr59Rr09f+Csq7/JYbdQlQ=
-97,-77,Z05u3tz9025A9cYJPdQO0fe3VTk=,XkriSlr59Rr09f+Csq7/JYbdQlQ=
-111,-78,Z05u3tz9025A9cYJPdQO0fe3VTk=,XkriSlr59Rr09f+Csq7/JYbdQlQ=
-98,-77,Z05u3tz9025A9cYJPdQO0fe3VTk=,XkriSlr59Rr09f+Csq7/JYbdQlQ=
-99,-77,Z05u3tz9025A9cYJPdQO0fe3VTk=,XkriSlr59Rr09f+Csq7/JYbdQlQ=
-100,-77,Z05u3tz9025A9cYJPdQO0fe3VTk=,XkriSlr59Rr09f+Csq7/JYbdQlQ=
-101,-77,Z05u3tz9025A9cYJPdQO0fe3VTk=,XkriSlr59Rr09f+Csq7/JYbdQlQ=
-102,-77,Z05u3tz9025A9cYJPdQO0fe3VTk=,XkriSlr59Rr09f+Csq7/JYbdQlQ=
-103,-77,Z05u3tz9025A9cYJPdQO0fe3VTk=,XkriSlr59Rr09f+Csq7/JYbdQlQ=
-104,-77,Z05u3tz9025A9cYJPdQO0fe3VTk=,XkriSlr59Rr09f+Csq7/JYbdQlQ=
-105,-77,Z05u3tz9025A9cYJPdQO0fe3VTk=,XkriSlr59Rr09f+Csq7/JYbdQlQ=
-106,-77,Z05u3tz9025A9cYJPdQO0fe3VTk=,XkriSlr59Rr09f+Csq7/JYbdQlQ=
-107,-77,Z05u3tz9025A9cYJPdQO0fe3VTk=,XkriSlr59Rr09f+Csq7/JYbdQlQ=
-108,-80,Z05u3tz9025A9cYJPdQO0fe3VTk=,XkriSlr59Rr09f+Csq7/JYbdQlQ=
-112,-78,Z05u3tz9025A9cYJPdQO0fe3VTk=,XkriSlr59Rr09f+Csq7/JYbdQlQ=
-108,-77,Z05u3tz9025A9cYJPdQO0fe3VTk=,XkriSlr59Rr09f+Csq7/JYbdQlQ=
-109,-77,Z05u3tz9025A9cYJPdQO0fe3VTk=,XkriSlr59Rr09f+Csq7/JYbdQlQ=
-110,-77,Z05u3tz9025A9cYJPdQO0fe3VTk=,XkriSlr59Rr09f+Csq7/JYbdQlQ=
-111,-77,Z05u3tz9025A9cYJPdQO0fe3VTk=,XkriSlr59Rr09f+Csq7/JYbdQlQ=
-112,-77,Z05u3tz9025A9cYJPdQO0fe3VTk=,XkriSlr59Rr09f+Csq7/JYbdQlQ=
-97,-78,Z05u3tz9025A9cYJPdQO0fe3VTk=,XkriSlr59Rr09f+Csq7/JYbdQlQ=
-116,-93,iGR8v61GkxoIGn9Uwyr9zQhg020=,KPJQP0bvkgS44OzsE6HIreGaZ+c=
-125,-96,8Sh6K7sFkIE+yTn6tfA4BGg+N+g=,KPJQP0bvkgS44OzsE6HIreGaZ+c=
-114,-94,8Sh6K7sFkIE+yTn6tfA4BGg+N+g=,KPJQP0bvkgS44OzsE6HIreGaZ+c=
-124,-96,8Sh6K7sFkIE+yTn6tfA4BGg+N+g=,KPJQP0bvkgS44OzsE6HIreGaZ+c=
-115,-93,8Sh6K7sFkIE+yTn6tfA4BGg+N+g=,KPJQP0bvkgS44OzsE6HIreGaZ+c=
-114,-93,8Sh6K7sFkIE+yTn6tfA4BGg+N+g=,KPJQP0bvkgS44OzsE6HIreGaZ+c=
-123,-96,8Sh6K7sFkIE+yTn6tfA4BGg+N+g=,KPJQP0bvkgS44OzsE6HIreGaZ+c=
-126,-95,8Sh6K7sFkIE+yTn6tfA4BGg+N+g=,KPJQP0bvkgS44OzsE6HIreGaZ+c=
-113,-93,8Sh6K7sFkIE+yTn6tfA4BGg+N+g=,KPJQP0bvkgS44OzsE6HIreGaZ+c=
-128,-92,8Sh6K7sFkIE+yTn6tfA4BGg+N+g=,KPJQP0bvkgS44OzsE6HIreGaZ+c=
-127,-92,8Sh6K7sFkIE+yTn6tfA4BGg+N+g=,KPJQP0bvkgS44OzsE6HIreGaZ+c=
-126,-92,8Sh6K7sFkIE+yTn6tfA4BGg+N+g=,KPJQP0bvkgS44OzsE6HIreGaZ+c=
-125,-92,8Sh6K7sFkIE+yTn6tfA4BGg+N+g=,KPJQP0bvkgS44OzsE6HIreGaZ+c=
-124,-92,WJjTYX7ZrRWoCyu+dUXS4HbC/k8=,KPJQP0bvkgS44OzsE6HIreGaZ+c=
-123,-92,WJjTYX7ZrRWoCyu+dUXS4HbC/k8=,KPJQP0bvkgS44OzsE6HIreGaZ+c=
-122,-92,WJjTYX7ZrRWoCyu+dUXS4HbC/k8=,KPJQP0bvkgS44OzsE6HIreGaZ+c=
-121,-92,WJjTYX7ZrRWoCyu+dUXS4HbC/k8=,KPJQP0bvkgS44OzsE6HIreGaZ+c=
-120,-92,WJjTYX7ZrRWoCyu+dUXS4HbC/k8=,KPJQP0bvkgS44OzsE6HIreGaZ+c=
-119,-92,WJjTYX7ZrRWoCyu+dUXS4HbC/k8=,KPJQP0bvkgS44OzsE6HIreGaZ+c=
-118,-92,WJjTYX7ZrRWoCyu+dUXS4HbC/k8=,KPJQP0bvkgS44OzsE6HIreGaZ+c=
-113,-94,WJjTYX7ZrRWoCyu+dUXS4HbC/k8=,KPJQP0bvkgS44OzsE6HIreGaZ+c=
-117,-92,WJjTYX7ZrRWoCyu+dUXS4HbC/k8=,KPJQP0bvkgS44OzsE6HIreGaZ+c=
-122,-96,WJjTYX7ZrRWoCyu+dUXS4HbC/k8=,KPJQP0bvkgS44OzsE6HIreGaZ+c=
-116,-92,WJjTYX7ZrRWoCyu+dUXS4HbC/k8=,KPJQP0bvkgS44OzsE6HIreGaZ+c=
-115,-92,WJjTYX7ZrRWoCyu+dUXS4HbC/k8=,KPJQP0bvkgS44OzsE6HIreGaZ+c=
-114,-92,WJjTYX7ZrRWoCyu+dUXS4HbC/k8=,KPJQP0bvkgS44OzsE6HIreGaZ+c=
-113,-92,WJjTYX7ZrRWoCyu+dUXS4HbC/k8=,KPJQP0bvkgS44OzsE6HIreGaZ+c=
-128,-91,WJjTYX7ZrRWoCyu+dUXS4HbC/k8=,KPJQP0bvkgS44OzsE6HIreGaZ+c=
-125,-95,WJjTYX7ZrRWoCyu+dUXS4HbC/k8=,KPJQP0bvkgS44OzsE6HIreGaZ+c=
-127,-91,WJjTYX7ZrRWoCyu+dUXS4HbC/k8=,KPJQP0bvkgS44OzsE6HIreGaZ+c=
-126,-91,WJjTYX7ZrRWoCyu+dUXS4HbC/k8=,KPJQP0bvkgS44OzsE6HIreGaZ+c=
-125,-91,WJjTYX7ZrRWoCyu+dUXS4HbC/k8=,KPJQP0bvkgS44OzsE6HIreGaZ+c=
-124,-91,WJjTYX7ZrRWoCyu+dUXS4HbC/k8=,KPJQP0bvkgS44OzsE6HIreGaZ+c=
-123,-91,WJjTYX7ZrRWoCyu+dUXS4HbC/k8=,KPJQP0bvkgS44OzsE6HIreGaZ+c=
-122,-91,WJjTYX7ZrRWoCyu+dUXS4HbC/k8=,KPJQP0bvkgS44OzsE6HIreGaZ+c=
-121,-91,WJjTYX7ZrRWoCyu+dUXS4HbC/k8=,KPJQP0bvkgS44OzsE6HIreGaZ+c=
-120,-91,WJjTYX7ZrRWoCyu+dUXS4HbC/k8=,KPJQP0bvkgS44OzsE6HIreGaZ+c=
-119,-91,WJjTYX7ZrRWoCyu+dUXS4HbC/k8=,KPJQP0bvkgS44OzsE6HIreGaZ+c=
-118,-91,WJjTYX7ZrRWoCyu+dUXS4HbC/k8=,KPJQP0bvkgS44OzsE6HIreGaZ+c=
-128,-93,WJjTYX7ZrRWoCyu+dUXS4HbC/k8=,KPJQP0bvkgS44OzsE6HIreGaZ+c=
-124,-95,WJjTYX7ZrRWoCyu+dUXS4HbC/k8=,KPJQP0bvkgS44OzsE6HIreGaZ+c=
-121,-96,WJjTYX7ZrRWoCyu+dUXS4HbC/k8=,KPJQP0bvkgS44OzsE6HIreGaZ+c=
-117,-91,WJjTYX7ZrRWoCyu+dUXS4HbC/k8=,KPJQP0bvkgS44OzsE6HIreGaZ+c=
-116,-91,WJjTYX7ZrRWoCyu+dUXS4HbC/k8=,KPJQP0bvkgS44OzsE6HIreGaZ+c=
-115,-91,WJjTYX7ZrRWoCyu+dUXS4HbC/k8=,KPJQP0bvkgS44OzsE6HIreGaZ+c=
-114,-91,WJjTYX7ZrRWoCyu+dUXS4HbC/k8=,KPJQP0bvkgS44OzsE6HIreGaZ+c=
-113,-91,WJjTYX7ZrRWoCyu+dUXS4HbC/k8=,KPJQP0bvkgS44OzsE6HIreGaZ+c=
-128,-90,WJjTYX7ZrRWoCyu+dUXS4HbC/k8=,KPJQP0bvkgS44OzsE6HIreGaZ+c=
-123,-95,WJjTYX7ZrRWoCyu+dUXS4HbC/k8=,KPJQP0bvkgS44OzsE6HIreGaZ+c=
-127,-90,WJjTYX7ZrRWoCyu+dUXS4HbC/k8=,KPJQP0bvkgS44OzsE6HIreGaZ+c=
-126,-90,WJjTYX7ZrRWoCyu+dUXS4HbC/k8=,KPJQP0bvkgS44OzsE6HIreGaZ+c=
-125,-90,WJjTYX7ZrRWoCyu+dUXS4HbC/k8=,KPJQP0bvkgS44OzsE6HIreGaZ+c=
-124,-90,WJjTYX7ZrRWoCyu+dUXS4HbC/k8=,KPJQP0bvkgS44OzsE6HIreGaZ+c=
-123,-90,WJjTYX7ZrRWoCyu+dUXS4HbC/k8=,KPJQP0bvkgS44OzsE6HIreGaZ+c=
-122,-90,WJjTYX7ZrRWoCyu+dUXS4HbC/k8=,KPJQP0bvkgS44OzsE6HIreGaZ+c=
-121,-90,WJjTYX7ZrRWoCyu+dUXS4HbC/k8=,KPJQP0bvkgS44OzsE6HIreGaZ+c=
-120,-90,WJjTYX7ZrRWoCyu+dUXS4HbC/k8=,KPJQP0bvkgS44OzsE6HIreGaZ+c=
-119,-90,WJjTYX7ZrRWoCyu+dUXS4HbC/k8=,KPJQP0bvkgS44OzsE6HIreGaZ+c=
-128,-96,WJjTYX7ZrRWoCyu+dUXS4HbC/k8=,KPJQP0bvkgS44OzsE6HIreGaZ+c=
-127,-93,WJjTYX7ZrRWoCyu+dUXS4HbC/k8=,KPJQP0bvkgS44OzsE6HIreGaZ+c=
-120,-96,WJjTYX7ZrRWoCyu+dUXS4HbC/k8=,KPJQP0bvkgS44OzsE6HIreGaZ+c=
-118,-90,WJjTYX7ZrRWoCyu+dUXS4HbC/k8=,KPJQP0bvkgS44OzsE6HIreGaZ+c=
-117,-90,WJjTYX7ZrRWoCyu+dUXS4HbC/k8=,KPJQP0bvkgS44OzsE6HIreGaZ+c=
-116,-90,WJjTYX7ZrRWoCyu+dUXS4HbC/k8=,KPJQP0bvkgS44OzsE6HIreGaZ+c=
-115,-90,WJjTYX7ZrRWoCyu+dUXS4HbC/k8=,KPJQP0bvkgS44OzsE6HIreGaZ+c=
-114,-90,WJjTYX7ZrRWoCyu+dUXS4HbC/k8=,KPJQP0bvkgS44OzsE6HIreGaZ+c=
-113,-90,WJjTYX7ZrRWoCyu+dUXS4HbC/k8=,KPJQP0bvkgS44OzsE6HIreGaZ+c=
-128,-89,WJjTYX7ZrRWoCyu+dUXS4HbC/k8=,KPJQP0bvkgS44OzsE6HIreGaZ+c=
-122,-95,WJjTYX7ZrRWoCyu+dUXS4HbC/k8=,KPJQP0bvkgS44OzsE6HIreGaZ+c=
-127,-89,WJjTYX7ZrRWoCyu+dUXS4HbC/k8=,KPJQP0bvkgS44OzsE6HIreGaZ+c=
-126,-89,WJjTYX7ZrRWoCyu+dUXS4HbC/k8=,KPJQP0bvkgS44OzsE6HIreGaZ+c=
-125,-89,WJjTYX7ZrRWoCyu+dUXS4HbC/k8=,KPJQP0bvkgS44OzsE6HIreGaZ+c=
-124,-89,WJjTYX7ZrRWoCyu+dUXS4HbC/k8=,KPJQP0bvkgS44OzsE6HIreGaZ+c=
-123,-89,WJjTYX7ZrRWoCyu+dUXS4HbC/k8=,KPJQP0bvkgS44OzsE6HIreGaZ+c=
-122,-89,WJjTYX7ZrRWoCyu+dUXS4HbC/k8=,KPJQP0bvkgS44OzsE6HIreGaZ+c=
-121,-89,WJjTYX7ZrRWoCyu+dUXS4HbC/k8=,KPJQP0bvkgS44OzsE6HIreGaZ+c=
-120,-89,WJjTYX7ZrRWoCyu+dUXS4HbC/k8=,KPJQP0bvkgS44OzsE6HIreGaZ+c=
-126,-93,WJjTYX7ZrRWoCyu+dUXS4HbC/k8=,KPJQP0bvkgS44OzsE6HIreGaZ+c=
-119,-96,WJjTYX7ZrRWoCyu+dUXS4HbC/k8=,KPJQP0bvkgS44OzsE6HIreGaZ+c=
-119,-89,WJjTYX7ZrRWoCyu+dUXS4HbC/k8=,KPJQP0bvkgS44OzsE6HIreGaZ+c=
-118,-89,WJjTYX7ZrRWoCyu+dUXS4HbC/k8=,KPJQP0bvkgS44OzsE6HIreGaZ+c=
-117,-89,WJjTYX7ZrRWoCyu+dUXS4HbC/k8=,KPJQP0bvkgS44OzsE6HIreGaZ+c=
-116,-89,WJjTYX7ZrRWoCyu+dUXS4HbC/k8=,KPJQP0bvkgS44OzsE6HIreGaZ+c=
-115,-89,WJjTYX7ZrRWoCyu+dUXS4HbC/k8=,KPJQP0bvkgS44OzsE6HIreGaZ+c=
-114,-89,WJjTYX7ZrRWoCyu+dUXS4HbC/k8=,KPJQP0bvkgS44OzsE6HIreGaZ+c=
-113,-89,WJjTYX7ZrRWoCyu+dUXS4HbC/k8=,KPJQP0bvkgS44OzsE6HIreGaZ+c=
-128,-88,WJjTYX7ZrRWoCyu+dUXS4HbC/k8=,KPJQP0bvkgS44OzsE6HIreGaZ+c=
-121,-95,WJjTYX7ZrRWoCyu+dUXS4HbC/k8=,KPJQP0bvkgS44OzsE6HIreGaZ+c=
-127,-88,WJjTYX7ZrRWoCyu+dUXS4HbC/k8=,KPJQP0bvkgS44OzsE6HIreGaZ+c=
-126,-88,WJjTYX7ZrRWoCyu+dUXS4HbC/k8=,KPJQP0bvkgS44OzsE6HIreGaZ+c=
-125,-88,WJjTYX7ZrRWoCyu+dUXS4HbC/k8=,KPJQP0bvkgS44OzsE6HIreGaZ+c=
-124,-88,WJjTYX7ZrRWoCyu+dUXS4HbC/k8=,KPJQP0bvkgS44OzsE6HIreGaZ+c=
-123,-88,WJjTYX7ZrRWoCyu+dUXS4HbC/k8=,KPJQP0bvkgS44OzsE6HIreGaZ+c=
-122,-88,WJjTYX7ZrRWoCyu+dUXS4HbC/k8=,KPJQP0bvkgS44OzsE6HIreGaZ+c=
-121,-88,WJjTYX7ZrRWoCyu+dUXS4HbC/k8=,KPJQP0bvkgS44OzsE6HIreGaZ+c=
-125,-93,WJjTYX7ZrRWoCyu+dUXS4HbC/k8=,KPJQP0bvkgS44OzsE6HIreGaZ+c=
-118,-96,WJjTYX7ZrRWoCyu+dUXS4HbC/k8=,KPJQP0bvkgS44OzsE6HIreGaZ+c=
-120,-88,WJjTYX7ZrRWoCyu+dUXS4HbC/k8=,KPJQP0bvkgS44OzsE6HIreGaZ+c=
-119,-88,WJjTYX7ZrRWoCyu+dUXS4HbC/k8=,KPJQP0bvkgS44OzsE6HIreGaZ+c=
-118,-88,WJjTYX7ZrRWoCyu+dUXS4HbC/k8=,KPJQP0bvkgS44OzsE6HIreGaZ+c=
-117,-88,WJjTYX7ZrRWoCyu+dUXS4HbC/k8=,KPJQP0bvkgS44OzsE6HIreGaZ+c=
-116,-88,WJjTYX7ZrRWoCyu+dUXS4HbC/k8=,KPJQP0bvkgS44OzsE6HIreGaZ+c=
-115,-88,WJjTYX7ZrRWoCyu+dUXS4HbC/k8=,KPJQP0bvkgS44OzsE6HIreGaZ+c=
-114,-88,WJjTYX7ZrRWoCyu+dUXS4HbC/k8=,KPJQP0bvkgS44OzsE6HIreGaZ+c=
-113,-88,WJjTYX7ZrRWoCyu+dUXS4HbC/k8=,KPJQP0bvkgS44OzsE6HIreGaZ+c=
-128,-87,WJjTYX7ZrRWoCyu+dUXS4HbC/k8=,KPJQP0bvkgS44OzsE6HIreGaZ+c=
-120,-95,WJjTYX7ZrRWoCyu+dUXS4HbC/k8=,KPJQP0bvkgS44OzsE6HIreGaZ+c=
-127,-87,WJjTYX7ZrRWoCyu+dUXS4HbC/k8=,KPJQP0bvkgS44OzsE6HIreGaZ+c=
-126,-87,WJjTYX7ZrRWoCyu+dUXS4HbC/k8=,KPJQP0bvkgS44OzsE6HIreGaZ+c=
-125,-87,WJjTYX7ZrRWoCyu+dUXS4HbC/k8=,KPJQP0bvkgS44OzsE6HIreGaZ+c=
-124,-87,WJjTYX7ZrRWoCyu+dUXS4HbC/k8=,KPJQP0bvkgS44OzsE6HIreGaZ+c=
-123,-87,WJjTYX7ZrRWoCyu+dUXS4HbC/k8=,KPJQP0bvkgS44OzsE6HIreGaZ+c=
-122,-87,WJjTYX7ZrRWoCyu+dUXS4HbC/k8=,KPJQP0bvkgS44OzsE6HIreGaZ+c=
-124,-93,WJjTYX7ZrRWoCyu+dUXS4HbC/k8=,KPJQP0bvkgS44OzsE6HIreGaZ+c=
-117,-96,WJjTYX7ZrRWoCyu+dUXS4HbC/k8=,KPJQP0bvkgS44OzsE6HIreGaZ+c=
-121,-87,WJjTYX7ZrRWoCyu+dUXS4HbC/k8=,KPJQP0bvkgS44OzsE6HIreGaZ+c=
-120,-87,WJjTYX7ZrRWoCyu+dUXS4HbC/k8=,KPJQP0bvkgS44OzsE6HIreGaZ+c=
-119,-87,WJjTYX7ZrRWoCyu+dUXS4HbC/k8=,KPJQP0bvkgS44OzsE6HIreGaZ+c=
-118,-87,WJjTYX7ZrRWoCyu+dUXS4HbC/k8=,KPJQP0bvkgS44OzsE6HIreGaZ+c=
-117,-87,WJjTYX7ZrRWoCyu+dUXS4HbC/k8=,KPJQP0bvkgS44OzsE6HIreGaZ+c=
-116,-87,WJjTYX7ZrRWoCyu+dUXS4HbC/k8=,KPJQP0bvkgS44OzsE6HIreGaZ+c=
-115,-87,WJjTYX7ZrRWoCyu+dUXS4HbC/k8=,KPJQP0bvkgS44OzsE6HIreGaZ+c=
-114,-87,WJjTYX7ZrRWoCyu+dUXS4HbC/k8=,KPJQP0bvkgS44OzsE6HIreGaZ+c=
-113,-87,WJjTYX7ZrRWoCyu+dUXS4HbC/k8=,KPJQP0bvkgS44OzsE6HIreGaZ+c=
-128,-86,WJjTYX7ZrRWoCyu+dUXS4HbC/k8=,KPJQP0bvkgS44OzsE6HIreGaZ+c=
-119,-95,WJjTYX7ZrRWoCyu+dUXS4HbC/k8=,KPJQP0bvkgS44OzsE6HIreGaZ+c=
-127,-86,WJjTYX7ZrRWoCyu+dUXS4HbC/k8=,KPJQP0bvkgS44OzsE6HIreGaZ+c=
-126,-86,WJjTYX7ZrRWoCyu+dUXS4HbC/k8=,KPJQP0bvkgS44OzsE6HIreGaZ+c=
-125,-86,WJjTYX7ZrRWoCyu+dUXS4HbC/k8=,KPJQP0bvkgS44OzsE6HIreGaZ+c=
-124,-86,WJjTYX7ZrRWoCyu+dUXS4HbC/k8=,KPJQP0bvkgS44OzsE6HIreGaZ+c=
-123,-86,WJjTYX7ZrRWoCyu+dUXS4HbC/k8=,KPJQP0bvkgS44OzsE6HIreGaZ+c=
-123,-93,WJjTYX7ZrRWoCyu+dUXS4HbC/k8=,KPJQP0bvkgS44OzsE6HIreGaZ+c=
-116,-96,WJjTYX7ZrRWoCyu+dUXS4HbC/k8=,KPJQP0bvkgS44OzsE6HIreGaZ+c=
-122,-86,WJjTYX7ZrRWoCyu+dUXS4HbC/k8=,KPJQP0bvkgS44OzsE6HIreGaZ+c=
-121,-86,WJjTYX7ZrRWoCyu+dUXS4HbC/k8=,KPJQP0bvkgS44OzsE6HIreGaZ+c=
-120,-86,WJjTYX7ZrRWoCyu+dUXS4HbC/k8=,KPJQP0bvkgS44OzsE6HIreGaZ+c=
-119,-86,WJjTYX7ZrRWoCyu+dUXS4HbC/k8=,KPJQP0bvkgS44OzsE6HIreGaZ+c=
-118,-86,WJjTYX7ZrRWoCyu+dUXS4HbC/k8=,KPJQP0bvkgS44OzsE6HIreGaZ+c=
-117,-86,WJjTYX7ZrRWoCyu+dUXS4HbC/k8=,KPJQP0bvkgS44OzsE6HIreGaZ+c=
-116,-86,WJjTYX7ZrRWoCyu+dUXS4HbC/k8=,KPJQP0bvkgS44OzsE6HIreGaZ+c=
-115,-86,WJjTYX7ZrRWoCyu+dUXS4HbC/k8=,KPJQP0bvkgS44OzsE6HIreGaZ+c=
-114,-86,WJjTYX7ZrRWoCyu+dUXS4HbC/k8=,KPJQP0bvkgS44OzsE6HIreGaZ+c=
-113,-86,WJjTYX7ZrRWoCyu+dUXS4HbC/k8=,KPJQP0bvkgS44OzsE6HIreGaZ+c=
-128,-85,WJjTYX7ZrRWoCyu+dUXS4HbC/k8=,KPJQP0bvkgS44OzsE6HIreGaZ+c=
-118,-95,WJjTYX7ZrRWoCyu+dUXS4HbC/k8=,KPJQP0bvkgS44OzsE6HIreGaZ+c=
-127,-85,WJjTYX7ZrRWoCyu+dUXS4HbC/k8=,KPJQP0bvkgS44OzsE6HIreGaZ+c=
-126,-85,WJjTYX7ZrRWoCyu+dUXS4HbC/k8=,KPJQP0bvkgS44OzsE6HIreGaZ+c=
-125,-85,WJjTYX7ZrRWoCyu+dUXS4HbC/k8=,KPJQP0bvkgS44OzsE6HIreGaZ+c=
-124,-85,WJjTYX7ZrRWoCyu+dUXS4HbC/k8=,KPJQP0bvkgS44OzsE6HIreGaZ+c=
-122,-93,WJjTYX7ZrRWoCyu+dUXS4HbC/k8=,KPJQP0bvkgS44OzsE6HIreGaZ+c=
-115,-96,WJjTYX7ZrRWoCyu+dUXS4HbC/k8=,KPJQP0bvkgS44OzsE6HIreGaZ+c=
-123,-85,WJjTYX7ZrRWoCyu+dUXS4HbC/k8=,KPJQP0bvkgS44OzsE6HIreGaZ+c=
-122,-85,WJjTYX7ZrRWoCyu+dUXS4HbC/k8=,KPJQP0bvkgS44OzsE6HIreGaZ+c=
-121,-85,WJjTYX7ZrRWoCyu+dUXS4HbC/k8=,KPJQP0bvkgS44OzsE6HIreGaZ+c=
-120,-85,WJjTYX7ZrRWoCyu+dUXS4HbC/k8=,KPJQP0bvkgS44OzsE6HIreGaZ+c=
-119,-85,WJjTYX7ZrRWoCyu+dUXS4HbC/k8=,KPJQP0bvkgS44OzsE6HIreGaZ+c=
-118,-85,WJjTYX7ZrRWoCyu+dUXS4HbC/k8=,KPJQP0bvkgS44OzsE6HIreGaZ+c=
-117,-85,WJjTYX7ZrRWoCyu+dUXS4HbC/k8=,KPJQP0bvkgS44OzsE6HIreGaZ+c=
-116,-85,WJjTYX7ZrRWoCyu+dUXS4HbC/k8=,KPJQP0bvkgS44OzsE6HIreGaZ+c=
-115,-85,WJjTYX7ZrRWoCyu+dUXS4HbC/k8=,KPJQP0bvkgS44OzsE6HIreGaZ+c=
-114,-85,WJjTYX7ZrRWoCyu+dUXS4HbC/k8=,KPJQP0bvkgS44OzsE6HIreGaZ+c=
-113,-85,WJjTYX7ZrRWoCyu+dUXS4HbC/k8=,KPJQP0bvkgS44OzsE6HIreGaZ+c=
-128,-84,WJjTYX7ZrRWoCyu+dUXS4HbC/k8=,KPJQP0bvkgS44OzsE6HIreGaZ+c=
-117,-95,WJjTYX7ZrRWoCyu+dUXS4HbC/k8=,KPJQP0bvkgS44OzsE6HIreGaZ+c=
-127,-84,WJjTYX7ZrRWoCyu+dUXS4HbC/k8=,KPJQP0bvkgS44OzsE6HIreGaZ+c=
-126,-84,WJjTYX7ZrRWoCyu+dUXS4HbC/k8=,KPJQP0bvkgS44OzsE6HIreGaZ+c=
-125,-84,WJjTYX7ZrRWoCyu+dUXS4HbC/k8=,KPJQP0bvkgS44OzsE6HIreGaZ+c=
-121,-93,WJjTYX7ZrRWoCyu+dUXS4HbC/k8=,KPJQP0bvkgS44OzsE6HIreGaZ+c=
-114,-96,WJjTYX7ZrRWoCyu+dUXS4HbC/k8=,KPJQP0bvkgS44OzsE6HIreGaZ+c=
-124,-84,WJjTYX7ZrRWoCyu+dUXS4HbC/k8=,KPJQP0bvkgS44OzsE6HIreGaZ+c=
-123,-84,WJjTYX7ZrRWoCyu+dUXS4HbC/k8=,KPJQP0bvkgS44OzsE6HIreGaZ+c=
-122,-84,WJjTYX7ZrRWoCyu+dUXS4HbC/k8=,KPJQP0bvkgS44OzsE6HIreGaZ+c=
-121,-84,WJjTYX7ZrRWoCyu+dUXS4HbC/k8=,KPJQP0bvkgS44OzsE6HIreGaZ+c=
-120,-84,WJjTYX7ZrRWoCyu+dUXS4HbC/k8=,KPJQP0bvkgS44OzsE6HIreGaZ+c=
-119,-84,WJjTYX7ZrRWoCyu+dUXS4HbC/k8=,KPJQP0bvkgS44OzsE6HIreGaZ+c=
-118,-84,WJjTYX7ZrRWoCyu+dUXS4HbC/k8=,KPJQP0bvkgS44OzsE6HIreGaZ+c=
-117,-84,WJjTYX7ZrRWoCyu+dUXS4HbC/k8=,KPJQP0bvkgS44OzsE6HIreGaZ+c=
-116,-84,WJjTYX7ZrRWoCyu+dUXS4HbC/k8=,KPJQP0bvkgS44OzsE6HIreGaZ+c=
-115,-84,WJjTYX7ZrRWoCyu+dUXS4HbC/k8=,KPJQP0bvkgS44OzsE6HIreGaZ+c=
-114,-84,WJjTYX7ZrRWoCyu+dUXS4HbC/k8=,KPJQP0bvkgS44OzsE6HIreGaZ+c=
-113,-84,WJjTYX7ZrRWoCyu+dUXS4HbC/k8=,KPJQP0bvkgS44OzsE6HIreGaZ+c=
-128,-83,WJjTYX7ZrRWoCyu+dUXS4HbC/k8=,KPJQP0bvkgS44OzsE6HIreGaZ+c=
-116,-95,WJjTYX7ZrRWoCyu+dUXS4HbC/k8=,KPJQP0bvkgS44OzsE6HIreGaZ+c=
-127,-83,WJjTYX7ZrRWoCyu+dUXS4HbC/k8=,KPJQP0bvkgS44OzsE6HIreGaZ+c=
-126,-83,WJjTYX7ZrRWoCyu+dUXS4HbC/k8=,KPJQP0bvkgS44OzsE6HIreGaZ+c=
-120,-93,WJjTYX7ZrRWoCyu+dUXS4HbC/k8=,KPJQP0bvkgS44OzsE6HIreGaZ+c=
-113,-96,WJjTYX7ZrRWoCyu+dUXS4HbC/k8=,KPJQP0bvkgS44OzsE6HIreGaZ+c=
-115,-95,WJjTYX7ZrRWoCyu+dUXS4HbC/k8=,KPJQP0bvkgS44OzsE6HIreGaZ+c=
-125,-83,WJjTYX7ZrRWoCyu+dUXS4HbC/k8=,KPJQP0bvkgS44OzsE6HIreGaZ+c=
-124,-83,WJjTYX7ZrRWoCyu+dUXS4HbC/k8=,KPJQP0bvkgS44OzsE6HIreGaZ+c=
-123,-83,WJjTYX7ZrRWoCyu+dUXS4HbC/k8=,KPJQP0bvkgS44OzsE6HIreGaZ+c=
-122,-83,WJjTYX7ZrRWoCyu+dUXS4HbC/k8=,KPJQP0bvkgS44OzsE6HIreGaZ+c=
-121,-83,WJjTYX7ZrRWoCyu+dUXS4HbC/k8=,KPJQP0bvkgS44OzsE6HIreGaZ+c=
-120,-83,WJjTYX7ZrRWoCyu+dUXS4HbC/k8=,KPJQP0bvkgS44OzsE6HIreGaZ+c=
-119,-83,WJjTYX7ZrRWoCyu+dUXS4HbC/k8=,KPJQP0bvkgS44OzsE6HIreGaZ+c=
-118,-83,WJjTYX7ZrRWoCyu+dUXS4HbC/k8=,KPJQP0bvkgS44OzsE6HIreGaZ+c=
-117,-83,WJjTYX7ZrRWoCyu+dUXS4HbC/k8=,KPJQP0bvkgS44OzsE6HIreGaZ+c=
-116,-83,WJjTYX7ZrRWoCyu+dUXS4HbC/k8=,KPJQP0bvkgS44OzsE6HIreGaZ+c=
-115,-83,WJjTYX7ZrRWoCyu+dUXS4HbC/k8=,KPJQP0bvkgS44OzsE6HIreGaZ+c=
-114,-83,WJjTYX7ZrRWoCyu+dUXS4HbC/k8=,KPJQP0bvkgS44OzsE6HIreGaZ+c=
-113,-83,WJjTYX7ZrRWoCyu+dUXS4HbC/k8=,KPJQP0bvkgS44OzsE6HIreGaZ+c=
-127,-96,WJjTYX7ZrRWoCyu+dUXS4HbC/k8=,KPJQP0bvkgS44OzsE6HIreGaZ+c=
-128,-82,WJjTYX7ZrRWoCyu+dUXS4HbC/k8=,KPJQP0bvkgS44OzsE6HIreGaZ+c=
-127,-82,WJjTYX7ZrRWoCyu+dUXS4HbC/k8=,KPJQP0bvkgS44OzsE6HIreGaZ+c=
-119,-93,WJjTYX7ZrRWoCyu+dUXS4HbC/k8=,KPJQP0bvkgS44OzsE6HIreGaZ+c=
-128,-95,WJjTYX7ZrRWoCyu+dUXS4HbC/k8=,KPJQP0bvkgS44OzsE6HIreGaZ+c=
-127,-95,WJjTYX7ZrRWoCyu+dUXS4HbC/k8=,KPJQP0bvkgS44OzsE6HIreGaZ+c=
-126,-82,WJjTYX7ZrRWoCyu+dUXS4HbC/k8=,KPJQP0bvkgS44OzsE6HIreGaZ+c=
-125,-82,WJjTYX7ZrRWoCyu+dUXS4HbC/k8=,KPJQP0bvkgS44OzsE6HIreGaZ+c=
-124,-82,WJjTYX7ZrRWoCyu+dUXS4HbC/k8=,KPJQP0bvkgS44OzsE6HIreGaZ+c=
-123,-82,WJjTYX7ZrRWoCyu+dUXS4HbC/k8=,KPJQP0bvkgS44OzsE6HIreGaZ+c=
-122,-82,WJjTYX7ZrRWoCyu+dUXS4HbC/k8=,KPJQP0bvkgS44OzsE6HIreGaZ+c=
-121,-82,WJjTYX7ZrRWoCyu+dUXS4HbC/k8=,KPJQP0bvkgS44OzsE6HIreGaZ+c=
-120,-82,WJjTYX7ZrRWoCyu+dUXS4HbC/k8=,KPJQP0bvkgS44OzsE6HIreGaZ+c=
-119,-82,WJjTYX7ZrRWoCyu+dUXS4HbC/k8=,KPJQP0bvkgS44OzsE6HIreGaZ+c=
-118,-82,WJjTYX7ZrRWoCyu+dUXS4HbC/k8=,KPJQP0bvkgS44OzsE6HIreGaZ+c=
-117,-82,WJjTYX7ZrRWoCyu+dUXS4HbC/k8=,KPJQP0bvkgS44OzsE6HIreGaZ+c=
-116,-82,WJjTYX7ZrRWoCyu+dUXS4HbC/k8=,KPJQP0bvkgS44OzsE6HIreGaZ+c=
-115,-82,WJjTYX7ZrRWoCyu+dUXS4HbC/k8=,KPJQP0bvkgS44OzsE6HIreGaZ+c=
-114,-82,WJjTYX7ZrRWoCyu+dUXS4HbC/k8=,KPJQP0bvkgS44OzsE6HIreGaZ+c=
-113,-82,WJjTYX7ZrRWoCyu+dUXS4HbC/k8=,KPJQP0bvkgS44OzsE6HIreGaZ+c=
-128,-81,WJjTYX7ZrRWoCyu+dUXS4HbC/k8=,KPJQP0bvkgS44OzsE6HIreGaZ+c=
-114,-95,WJjTYX7ZrRWoCyu+dUXS4HbC/k8=,KPJQP0bvkgS44OzsE6HIreGaZ+c=
-118,-93,WJjTYX7ZrRWoCyu+dUXS4HbC/k8=,KPJQP0bvkgS44OzsE6HIreGaZ+c=
-127,-81,WJjTYX7ZrRWoCyu+dUXS4HbC/k8=,KPJQP0bvkgS44OzsE6HIreGaZ+c=
-126,-81,WJjTYX7ZrRWoCyu+dUXS4HbC/k8=,KPJQP0bvkgS44OzsE6HIreGaZ+c=
-125,-81,WJjTYX7ZrRWoCyu+dUXS4HbC/k8=,KPJQP0bvkgS44OzsE6HIreGaZ+c=
-124,-81,WJjTYX7ZrRWoCyu+dUXS4HbC/k8=,KPJQP0bvkgS44OzsE6HIreGaZ+c=
-123,-81,WJjTYX7ZrRWoCyu+dUXS4HbC/k8=,KPJQP0bvkgS44OzsE6HIreGaZ+c=
-122,-81,WJjTYX7ZrRWoCyu+dUXS4HbC/k8=,KPJQP0bvkgS44OzsE6HIreGaZ+c=
-121,-81,WJjTYX7ZrRWoCyu+dUXS4HbC/k8=,KPJQP0bvkgS44OzsE6HIreGaZ+c=
-120,-81,WJjTYX7ZrRWoCyu+dUXS4HbC/k8=,KPJQP0bvkgS44OzsE6HIreGaZ+c=
-119,-81,WJjTYX7ZrRWoCyu+dUXS4HbC/k8=,KPJQP0bvkgS44OzsE6HIreGaZ+c=
-126,-96,WJjTYX7ZrRWoCyu+dUXS4HbC/k8=,KPJQP0bvkgS44OzsE6HIreGaZ+c=
-118,-81,WJjTYX7ZrRWoCyu+dUXS4HbC/k8=,KPJQP0bvkgS44OzsE6HIreGaZ+c=
-117,-81,WJjTYX7ZrRWoCyu+dUXS4HbC/k8=,KPJQP0bvkgS44OzsE6HIreGaZ+c=
-116,-81,WJjTYX7ZrRWoCyu+dUXS4HbC/k8=,KPJQP0bvkgS44OzsE6HIreGaZ+c=
-115,-81,WJjTYX7ZrRWoCyu+dUXS4HbC/k8=,KPJQP0bvkgS44OzsE6HIreGaZ+c=
-128,-94,WJjTYX7ZrRWoCyu+dUXS4HbC/k8=,KPJQP0bvkgS44OzsE6HIreGaZ+c=
-117,-93,WJjTYX7ZrRWoCyu+dUXS4HbC/k8=,KPJQP0bvkgS44OzsE6HIreGaZ+c=
-114,-81,WJjTYX7ZrRWoCyu+dUXS4HbC/k8=,KPJQP0bvkgS44OzsE6HIreGaZ+c=
-127,-94,WJjTYX7ZrRWoCyu+dUXS4HbC/k8=,KPJQP0bvkgS44OzsE6HIreGaZ+c=
-126,-94,WJjTYX7ZrRWoCyu+dUXS4HbC/k8=,KPJQP0bvkgS44OzsE6HIreGaZ+c=
-125,-94,WJjTYX7ZrRWoCyu+dUXS4HbC/k8=,KPJQP0bvkgS44OzsE6HIreGaZ+c=
-124,-94,WJjTYX7ZrRWoCyu+dUXS4HbC/k8=,KPJQP0bvkgS44OzsE6HIreGaZ+c=
-123,-94,WJjTYX7ZrRWoCyu+dUXS4HbC/k8=,KPJQP0bvkgS44OzsE6HIreGaZ+c=
-122,-94,WJjTYX7ZrRWoCyu+dUXS4HbC/k8=,KPJQP0bvkgS44OzsE6HIreGaZ+c=
-121,-94,WJjTYX7ZrRWoCyu+dUXS4HbC/k8=,KPJQP0bvkgS44OzsE6HIreGaZ+c=
-120,-94,WJjTYX7ZrRWoCyu+dUXS4HbC/k8=,KPJQP0bvkgS44OzsE6HIreGaZ+c=
-119,-94,WJjTYX7ZrRWoCyu+dUXS4HbC/k8=,KPJQP0bvkgS44OzsE6HIreGaZ+c=
-118,-94,WJjTYX7ZrRWoCyu+dUXS4HbC/k8=,KPJQP0bvkgS44OzsE6HIreGaZ+c=
-117,-94,WJjTYX7ZrRWoCyu+dUXS4HbC/k8=,KPJQP0bvkgS44OzsE6HIreGaZ+c=
-116,-94,WJjTYX7ZrRWoCyu+dUXS4HbC/k8=,KPJQP0bvkgS44OzsE6HIreGaZ+c=
-115,-94,WJjTYX7ZrRWoCyu+dUXS4HbC/k8=,KPJQP0bvkgS44OzsE6HIreGaZ+c=
-113,-81,WJjTYX7ZrRWoCyu+dUXS4HbC/k8=,KPJQP0bvkgS44OzsE6HIreGaZ+c=
-113,-95,WJjTYX7ZrRWoCyu+dUXS4HbC/k8=,KPJQP0bvkgS44OzsE6HIreGaZ+c=
-116,-77,Zzj8Gx/H4NDLGsgbton+OG5dV7Y=,9kp6H8Ac0BuC7Bs4iWd+SBRJols=
-125,-80,Zzj8Gx/H4NDLGsgbton+OG5dV7Y=,9kp6H8Ac0BuC7Bs4iWd+SBRJols=
-113,-65,Zzj8Gx/H4NDLGsgbton+OG5dV7Y=,9kp6H8Ac0BuC7Bs4iWd+SBRJols=
-113,-79,Zzj8Gx/H4NDLGsgbton+OG5dV7Y=,9kp6H8Ac0BuC7Bs4iWd+SBRJols=
-115,-78,fQvZw8J158Icdy/JGs2pqUNrJqc=,9kp6H8Ac0BuC7Bs4iWd+SBRJols=
-116,-78,fQvZw8J158Icdy/JGs2pqUNrJqc=,9kp6H8Ac0BuC7Bs4iWd+SBRJols=
-117,-78,fQvZw8J158Icdy/JGs2pqUNrJqc=,9kp6H8Ac0BuC7Bs4iWd+SBRJols=
-118,-78,fQvZw8J158Icdy/JGs2pqUNrJqc=,9kp6H8Ac0BuC7Bs4iWd+SBRJols=
-119,-78,fQvZw8J158Icdy/JGs2pqUNrJqc=,9kp6H8Ac0BuC7Bs4iWd+SBRJols=
-120,-78,fQvZw8J158Icdy/JGs2pqUNrJqc=,9kp6H8Ac0BuC7Bs4iWd+SBRJols=
-121,-78,fQvZw8J158Icdy/JGs2pqUNrJqc=,9kp6H8Ac0BuC7Bs4iWd+SBRJols=
-122,-78,fQvZw8J158Icdy/JGs2pqUNrJqc=,9kp6H8Ac0BuC7Bs4iWd+SBRJols=
-123,-78,fQvZw8J158Icdy/JGs2pqUNrJqc=,9kp6H8Ac0BuC7Bs4iWd+SBRJols=
-124,-78,fQvZw8J158Icdy/JGs2pqUNrJqc=,9kp6H8Ac0BuC7Bs4iWd+SBRJols=
-125,-78,fQvZw8J158Icdy/JGs2pqUNrJqc=,9kp6H8Ac0BuC7Bs4iWd+SBRJols=
-126,-78,fQvZw8J158Icdy/JGs2pqUNrJqc=,9kp6H8Ac0BuC7Bs4iWd+SBRJols=
-127,-78,fQvZw8J158Icdy/JGs2pqUNrJqc=,9kp6H8Ac0BuC7Bs4iWd+SBRJols=
-117,-77,fQvZw8J158Icdy/JGs2pqUNrJqc=,9kp6H8Ac0BuC7Bs4iWd+SBRJols=
-128,-78,fQvZw8J158Icdy/JGs2pqUNrJqc=,9kp6H8Ac0BuC7Bs4iWd+SBRJols=
-114,-65,fQvZw8J158Icdy/JGs2pqUNrJqc=,9kp6H8Ac0BuC7Bs4iWd+SBRJols=
-115,-65,fQvZw8J158Icdy/JGs2pqUNrJqc=,9kp6H8Ac0BuC7Bs4iWd+SBRJols=
-116,-65,fQvZw8J158Icdy/JGs2pqUNrJqc=,9kp6H8Ac0BuC7Bs4iWd+SBRJols=
-117,-65,fQvZw8J158Icdy/JGs2pqUNrJqc=,9kp6H8Ac0BuC7Bs4iWd+SBRJols=
-118,-65,fQvZw8J158Icdy/JGs2pqUNrJqc=,9kp6H8Ac0BuC7Bs4iWd+SBRJols=
-126,-80,fQvZw8J158Icdy/JGs2pqUNrJqc=,9kp6H8Ac0BuC7Bs4iWd+SBRJols=
-119,-65,fQvZw8J158Icdy/JGs2pqUNrJqc=,9kp6H8Ac0BuC7Bs4iWd+SBRJols=
-120,-65,fQvZw8J158Icdy/JGs2pqUNrJqc=,9kp6H8Ac0BuC7Bs4iWd+SBRJols=
-121,-65,fQvZw8J158Icdy/JGs2pqUNrJqc=,9kp6H8Ac0BuC7Bs4iWd+SBRJols=
-122,-65,fQvZw8J158Icdy/JGs2pqUNrJqc=,9kp6H8Ac0BuC7Bs4iWd+SBRJols=
-123,-65,fQvZw8J158Icdy/JGs2pqUNrJqc=,9kp6H8Ac0BuC7Bs4iWd+SBRJols=
-124,-65,fQvZw8J158Icdy/JGs2pqUNrJqc=,9kp6H8Ac0BuC7Bs4iWd+SBRJols=
-125,-65,fQvZw8J158Icdy/JGs2pqUNrJqc=,9kp6H8Ac0BuC7Bs4iWd+SBRJols=
-126,-65,fQvZw8J158Icdy/JGs2pqUNrJqc=,9kp6H8Ac0BuC7Bs4iWd+SBRJols=
-127,-65,fQvZw8J158Icdy/JGs2pqUNrJqc=,9kp6H8Ac0BuC7Bs4iWd+SBRJols=
-118,-77,fQvZw8J158Icdy/JGs2pqUNrJqc=,9kp6H8Ac0BuC7Bs4iWd+SBRJols=
-128,-65,fQvZw8J158Icdy/JGs2pqUNrJqc=,9kp6H8Ac0BuC7Bs4iWd+SBRJols=
-114,-79,fQvZw8J158Icdy/JGs2pqUNrJqc=,9kp6H8Ac0BuC7Bs4iWd+SBRJols=
-113,-66,fQvZw8J158Icdy/JGs2pqUNrJqc=,9kp6H8Ac0BuC7Bs4iWd+SBRJols=
-114,-66,fQvZw8J158Icdy/JGs2pqUNrJqc=,9kp6H8Ac0BuC7Bs4iWd+SBRJols=
-115,-66,fQvZw8J158Icdy/JGs2pqUNrJqc=,9kp6H8Ac0BuC7Bs4iWd+SBRJols=
-116,-66,fQvZw8J158Icdy/JGs2pqUNrJqc=,9kp6H8Ac0BuC7Bs4iWd+SBRJols=
-117,-66,fQvZw8J158Icdy/JGs2pqUNrJqc=,9kp6H8Ac0BuC7Bs4iWd+SBRJols=
-118,-66,fQvZw8J158Icdy/JGs2pqUNrJqc=,9kp6H8Ac0BuC7Bs4iWd+SBRJols=
-119,-66,fQvZw8J158Icdy/JGs2pqUNrJqc=,9kp6H8Ac0BuC7Bs4iWd+SBRJols=
-120,-66,fQvZw8J158Icdy/JGs2pqUNrJqc=,9kp6H8Ac0BuC7Bs4iWd+SBRJols=
-121,-66,fQvZw8J158Icdy/JGs2pqUNrJqc=,9kp6H8Ac0BuC7Bs4iWd+SBRJols=
-122,-66,fQvZw8J158Icdy/JGs2pqUNrJqc=,9kp6H8Ac0BuC7Bs4iWd+SBRJols=
-123,-66,fQvZw8J158Icdy/JGs2pqUNrJqc=,9kp6H8Ac0BuC7Bs4iWd+SBRJols=
-124,-66,fQvZw8J158Icdy/JGs2pqUNrJqc=,9kp6H8Ac0BuC7Bs4iWd+SBRJols=
-125,-66,fQvZw8J158Icdy/JGs2pqUNrJqc=,9kp6H8Ac0BuC7Bs4iWd+SBRJols=
-126,-66,fQvZw8J158Icdy/JGs2pqUNrJqc=,9kp6H8Ac0BuC7Bs4iWd+SBRJols=
-127,-79,fQvZw8J158Icdy/JGs2pqUNrJqc=,9kp6H8Ac0BuC7Bs4iWd+SBRJols=
-128,-79,fQvZw8J158Icdy/JGs2pqUNrJqc=,9kp6H8Ac0BuC7Bs4iWd+SBRJols=
-119,-77,fQvZw8J158Icdy/JGs2pqUNrJqc=,9kp6H8Ac0BuC7Bs4iWd+SBRJols=
-127,-66,fQvZw8J158Icdy/JGs2pqUNrJqc=,9kp6H8Ac0BuC7Bs4iWd+SBRJols=
-127,-80,fQvZw8J158Icdy/JGs2pqUNrJqc=,9kp6H8Ac0BuC7Bs4iWd+SBRJols=
-128,-66,fQvZw8J158Icdy/JGs2pqUNrJqc=,9kp6H8Ac0BuC7Bs4iWd+SBRJols=
-113,-67,fQvZw8J158Icdy/JGs2pqUNrJqc=,9kp6H8Ac0BuC7Bs4iWd+SBRJols=
-114,-67,fQvZw8J158Icdy/JGs2pqUNrJqc=,9kp6H8Ac0BuC7Bs4iWd+SBRJols=
-115,-67,fQvZw8J158Icdy/JGs2pqUNrJqc=,9kp6H8Ac0BuC7Bs4iWd+SBRJols=
-116,-67,fQvZw8J158Icdy/JGs2pqUNrJqc=,9kp6H8Ac0BuC7Bs4iWd+SBRJols=
-117,-67,fQvZw8J158Icdy/JGs2pqUNrJqc=,9kp6H8Ac0BuC7Bs4iWd+SBRJols=
-118,-67,fQvZw8J158Icdy/JGs2pqUNrJqc=,9kp6H8Ac0BuC7Bs4iWd+SBRJols=
-119,-67,fQvZw8J158Icdy/JGs2pqUNrJqc=,9kp6H8Ac0BuC7Bs4iWd+SBRJols=
-120,-67,fQvZw8J158Icdy/JGs2pqUNrJqc=,9kp6H8Ac0BuC7Bs4iWd+SBRJols=
-121,-67,fQvZw8J158Icdy/JGs2pqUNrJqc=,9kp6H8Ac0BuC7Bs4iWd+SBRJols=
-122,-67,fQvZw8J158Icdy/JGs2pqUNrJqc=,9kp6H8Ac0BuC7Bs4iWd+SBRJols=
-123,-67,fQvZw8J158Icdy/JGs2pqUNrJqc=,9kp6H8Ac0BuC7Bs4iWd+SBRJols=
-124,-67,fQvZw8J158Icdy/JGs2pqUNrJqc=,9kp6H8Ac0BuC7Bs4iWd+SBRJols=
-125,-67,fQvZw8J158Icdy/JGs2pqUNrJqc=,9kp6H8Ac0BuC7Bs4iWd+SBRJols=
-113,-80,fQvZw8J158Icdy/JGs2pqUNrJqc=,9kp6H8Ac0BuC7Bs4iWd+SBRJols=
-115,-79,fQvZw8J158Icdy/JGs2pqUNrJqc=,9kp6H8Ac0BuC7Bs4iWd+SBRJols=
-120,-77,fQvZw8J158Icdy/JGs2pqUNrJqc=,9kp6H8Ac0BuC7Bs4iWd+SBRJols=
-126,-67,fQvZw8J158Icdy/JGs2pqUNrJqc=,9kp6H8Ac0BuC7Bs4iWd+SBRJols=
-127,-67,fQvZw8J158Icdy/JGs2pqUNrJqc=,9kp6H8Ac0BuC7Bs4iWd+SBRJols=
-128,-67,fQvZw8J158Icdy/JGs2pqUNrJqc=,9kp6H8Ac0BuC7Bs4iWd+SBRJols=
-116,-79,fQvZw8J158Icdy/JGs2pqUNrJqc=,9kp6H8Ac0BuC7Bs4iWd+SBRJols=
-113,-68,fQvZw8J158Icdy/JGs2pqUNrJqc=,9kp6H8Ac0BuC7Bs4iWd+SBRJols=
-114,-68,fQvZw8J158Icdy/JGs2pqUNrJqc=,9kp6H8Ac0BuC7Bs4iWd+SBRJols=
-115,-68,fQvZw8J158Icdy/JGs2pqUNrJqc=,9kp6H8Ac0BuC7Bs4iWd+SBRJols=
-116,-68,fQvZw8J158Icdy/JGs2pqUNrJqc=,9kp6H8Ac0BuC7Bs4iWd+SBRJols=
-117,-68,fQvZw8J158Icdy/JGs2pqUNrJqc=,9kp6H8Ac0BuC7Bs4iWd+SBRJols=
-118,-68,fQvZw8J158Icdy/JGs2pqUNrJqc=,9kp6H8Ac0BuC7Bs4iWd+SBRJols=
-119,-68,fQvZw8J158Icdy/JGs2pqUNrJqc=,9kp6H8Ac0BuC7Bs4iWd+SBRJols=
-120,-68,fQvZw8J158Icdy/JGs2pqUNrJqc=,9kp6H8Ac0BuC7Bs4iWd+SBRJols=
-121,-68,fQvZw8J158Icdy/JGs2pqUNrJqc=,9kp6H8Ac0BuC7Bs4iWd+SBRJols=
-122,-68,fQvZw8J158Icdy/JGs2pqUNrJqc=,9kp6H8Ac0BuC7Bs4iWd+SBRJols=
-123,-68,fQvZw8J158Icdy/JGs2pqUNrJqc=,9kp6H8Ac0BuC7Bs4iWd+SBRJols=
-124,-68,fQvZw8J158Icdy/JGs2pqUNrJqc=,9kp6H8Ac0BuC7Bs4iWd+SBRJols=
-114,-80,fQvZw8J158Icdy/JGs2pqUNrJqc=,9kp6H8Ac0BuC7Bs4iWd+SBRJols=
-121,-77,fQvZw8J158Icdy/JGs2pqUNrJqc=,9kp6H8Ac0BuC7Bs4iWd+SBRJols=
-125,-68,fQvZw8J158Icdy/JGs2pqUNrJqc=,9kp6H8Ac0BuC7Bs4iWd+SBRJols=
-126,-68,fQvZw8J158Icdy/JGs2pqUNrJqc=,9kp6H8Ac0BuC7Bs4iWd+SBRJols=
-127,-68,fQvZw8J158Icdy/JGs2pqUNrJqc=,9kp6H8Ac0BuC7Bs4iWd+SBRJols=
-128,-68,fQvZw8J158Icdy/JGs2pqUNrJqc=,9kp6H8Ac0BuC7Bs4iWd+SBRJols=
-117,-79,fQvZw8J158Icdy/JGs2pqUNrJqc=,9kp6H8Ac0BuC7Bs4iWd+SBRJols=
-113,-69,fQvZw8J158Icdy/JGs2pqUNrJqc=,9kp6H8Ac0BuC7Bs4iWd+SBRJols=
-114,-69,fQvZw8J158Icdy/JGs2pqUNrJqc=,9kp6H8Ac0BuC7Bs4iWd+SBRJols=
-115,-69,fQvZw8J158Icdy/JGs2pqUNrJqc=,9kp6H8Ac0BuC7Bs4iWd+SBRJols=
-116,-69,fQvZw8J158Icdy/JGs2pqUNrJqc=,9kp6H8Ac0BuC7Bs4iWd+SBRJols=
-117,-69,fQvZw8J158Icdy/JGs2pqUNrJqc=,9kp6H8Ac0BuC7Bs4iWd+SBRJols=
-118,-69,fQvZw8J158Icdy/JGs2pqUNrJqc=,9kp6H8Ac0BuC7Bs4iWd+SBRJols=
-119,-69,fQvZw8J158Icdy/JGs2pqUNrJqc=,9kp6H8Ac0BuC7Bs4iWd+SBRJols=
-120,-69,fQvZw8J158Icdy/JGs2pqUNrJqc=,9kp6H8Ac0BuC7Bs4iWd+SBRJols=
-121,-69,fQvZw8J158Icdy/JGs2pqUNrJqc=,9kp6H8Ac0BuC7Bs4iWd+SBRJols=
-122,-69,fQvZw8J158Icdy/JGs2pqUNrJqc=,9kp6H8Ac0BuC7Bs4iWd+SBRJols=
-123,-69,fQvZw8J158Icdy/JGs2pqUNrJqc=,9kp6H8Ac0BuC7Bs4iWd+SBRJols=
-115,-80,fQvZw8J158Icdy/JGs2pqUNrJqc=,9kp6H8Ac0BuC7Bs4iWd+SBRJols=
-122,-77,fQvZw8J158Icdy/JGs2pqUNrJqc=,9kp6H8Ac0BuC7Bs4iWd+SBRJols=
-124,-69,fQvZw8J158Icdy/JGs2pqUNrJqc=,9kp6H8Ac0BuC7Bs4iWd+SBRJols=
-125,-69,fQvZw8J158Icdy/JGs2pqUNrJqc=,9kp6H8Ac0BuC7Bs4iWd+SBRJols=
-126,-69,fQvZw8J158Icdy/JGs2pqUNrJqc=,9kp6H8Ac0BuC7Bs4iWd+SBRJols=
-127,-69,fQvZw8J158Icdy/JGs2pqUNrJqc=,9kp6H8Ac0BuC7Bs4iWd+SBRJols=
-128,-69,fQvZw8J158Icdy/JGs2pqUNrJqc=,9kp6H8Ac0BuC7Bs4iWd+SBRJols=
-118,-79,fQvZw8J158Icdy/JGs2pqUNrJqc=,9kp6H8Ac0BuC7Bs4iWd+SBRJols=
-113,-70,fQvZw8J158Icdy/JGs2pqUNrJqc=,9kp6H8Ac0BuC7Bs4iWd+SBRJols=
-114,-70,fQvZw8J158Icdy/JGs2pqUNrJqc=,9kp6H8Ac0BuC7Bs4iWd+SBRJols=
-115,-70,fQvZw8J158Icdy/JGs2pqUNrJqc=,9kp6H8Ac0BuC7Bs4iWd+SBRJols=
-116,-70,fQvZw8J158Icdy/JGs2pqUNrJqc=,9kp6H8Ac0BuC7Bs4iWd+SBRJols=
-117,-70,fQvZw8J158Icdy/JGs2pqUNrJqc=,9kp6H8Ac0BuC7Bs4iWd+SBRJols=
-118,-70,fQvZw8J158Icdy/JGs2pqUNrJqc=,9kp6H8Ac0BuC7Bs4iWd+SBRJols=
-119,-70,fQvZw8J158Icdy/JGs2pqUNrJqc=,9kp6H8Ac0BuC7Bs4iWd+SBRJols=
-120,-70,fQvZw8J158Icdy/JGs2pqUNrJqc=,9kp6H8Ac0BuC7Bs4iWd+SBRJols=
-121,-70,fQvZw8J158Icdy/JGs2pqUNrJqc=,9kp6H8Ac0BuC7Bs4iWd+SBRJols=
-122,-70,fQvZw8J158Icdy/JGs2pqUNrJqc=,9kp6H8Ac0BuC7Bs4iWd+SBRJols=
-116,-80,fQvZw8J158Icdy/JGs2pqUNrJqc=,9kp6H8Ac0BuC7Bs4iWd+SBRJols=
-123,-77,fQvZw8J158Icdy/JGs2pqUNrJqc=,9kp6H8Ac0BuC7Bs4iWd+SBRJols=
-123,-70,fQvZw8J158Icdy/JGs2pqUNrJqc=,9kp6H8Ac0BuC7Bs4iWd+SBRJols=
-124,-70,fQvZw8J158Icdy/JGs2pqUNrJqc=,9kp6H8Ac0BuC7Bs4iWd+SBRJols=
-125,-70,fQvZw8J158Icdy/JGs2pqUNrJqc=,9kp6H8Ac0BuC7Bs4iWd+SBRJols=
-126,-70,fQvZw8J158Icdy/JGs2pqUNrJqc=,9kp6H8Ac0BuC7Bs4iWd+SBRJols=
-127,-70,fQvZw8J158Icdy/JGs2pqUNrJqc=,9kp6H8Ac0BuC7Bs4iWd+SBRJols=
-128,-70,fQvZw8J158Icdy/JGs2pqUNrJqc=,9kp6H8Ac0BuC7Bs4iWd+SBRJols=
-119,-79,fQvZw8J158Icdy/JGs2pqUNrJqc=,9kp6H8Ac0BuC7Bs4iWd+SBRJols=
-113,-71,fQvZw8J158Icdy/JGs2pqUNrJqc=,9kp6H8Ac0BuC7Bs4iWd+SBRJols=
-114,-71,fQvZw8J158Icdy/JGs2pqUNrJqc=,9kp6H8Ac0BuC7Bs4iWd+SBRJols=
-115,-71,fQvZw8J158Icdy/JGs2pqUNrJqc=,9kp6H8Ac0BuC7Bs4iWd+SBRJols=
-116,-71,fQvZw8J158Icdy/JGs2pqUNrJqc=,9kp6H8Ac0BuC7Bs4iWd+SBRJols=
-117,-71,fQvZw8J158Icdy/JGs2pqUNrJqc=,9kp6H8Ac0BuC7Bs4iWd+SBRJols=
-118,-71,fQvZw8J158Icdy/JGs2pqUNrJqc=,9kp6H8Ac0BuC7Bs4iWd+SBRJols=
-119,-71,fQvZw8J158Icdy/JGs2pqUNrJqc=,9kp6H8Ac0BuC7Bs4iWd+SBRJols=
-120,-71,fQvZw8J158Icdy/JGs2pqUNrJqc=,9kp6H8Ac0BuC7Bs4iWd+SBRJols=
-121,-71,fQvZw8J158Icdy/JGs2pqUNrJqc=,9kp6H8Ac0BuC7Bs4iWd+SBRJols=
-117,-80,fQvZw8J158Icdy/JGs2pqUNrJqc=,9kp6H8Ac0BuC7Bs4iWd+SBRJols=
-124,-77,fQvZw8J158Icdy/JGs2pqUNrJqc=,9kp6H8Ac0BuC7Bs4iWd+SBRJols=
-122,-71,fQvZw8J158Icdy/JGs2pqUNrJqc=,9kp6H8Ac0BuC7Bs4iWd+SBRJols=
-123,-71,fQvZw8J158Icdy/JGs2pqUNrJqc=,9kp6H8Ac0BuC7Bs4iWd+SBRJols=
-124,-71,fQvZw8J158Icdy/JGs2pqUNrJqc=,9kp6H8Ac0BuC7Bs4iWd+SBRJols=
-125,-71,fQvZw8J158Icdy/JGs2pqUNrJqc=,9kp6H8Ac0BuC7Bs4iWd+SBRJols=
-126,-71,fQvZw8J158Icdy/JGs2pqUNrJqc=,9kp6H8Ac0BuC7Bs4iWd+SBRJols=
-127,-71,fQvZw8J158Icdy/JGs2pqUNrJqc=,9kp6H8Ac0BuC7Bs4iWd+SBRJols=
-128,-71,fQvZw8J158Icdy/JGs2pqUNrJqc=,9kp6H8Ac0BuC7Bs4iWd+SBRJols=
-120,-79,fQvZw8J158Icdy/JGs2pqUNrJqc=,9kp6H8Ac0BuC7Bs4iWd+SBRJols=
-113,-72,fQvZw8J158Icdy/JGs2pqUNrJqc=,9kp6H8Ac0BuC7Bs4iWd+SBRJols=
-114,-72,fQvZw8J158Icdy/JGs2pqUNrJqc=,9kp6H8Ac0BuC7Bs4iWd+SBRJols=
-115,-72,fQvZw8J158Icdy/JGs2pqUNrJqc=,9kp6H8Ac0BuC7Bs4iWd+SBRJols=
-116,-72,fQvZw8J158Icdy/JGs2pqUNrJqc=,9kp6H8Ac0BuC7Bs4iWd+SBRJols=
-117,-72,fQvZw8J158Icdy/JGs2pqUNrJqc=,9kp6H8Ac0BuC7Bs4iWd+SBRJols=
-118,-72,fQvZw8J158Icdy/JGs2pqUNrJqc=,9kp6H8Ac0BuC7Bs4iWd+SBRJols=
-119,-72,fQvZw8J158Icdy/JGs2pqUNrJqc=,9kp6H8Ac0BuC7Bs4iWd+SBRJols=
-120,-72,fQvZw8J158Icdy/JGs2pqUNrJqc=,9kp6H8Ac0BuC7Bs4iWd+SBRJols=
-118,-80,fQvZw8J158Icdy/JGs2pqUNrJqc=,9kp6H8Ac0BuC7Bs4iWd+SBRJols=
-125,-77,fQvZw8J158Icdy/JGs2pqUNrJqc=,9kp6H8Ac0BuC7Bs4iWd+SBRJols=
-121,-72,fQvZw8J158Icdy/JGs2pqUNrJqc=,9kp6H8Ac0BuC7Bs4iWd+SBRJols=
-122,-72,fQvZw8J158Icdy/JGs2pqUNrJqc=,9kp6H8Ac0BuC7Bs4iWd+SBRJols=
-123,-72,fQvZw8J158Icdy/JGs2pqUNrJqc=,9kp6H8Ac0BuC7Bs4iWd+SBRJols=
-124,-72,fQvZw8J158Icdy/JGs2pqUNrJqc=,9kp6H8Ac0BuC7Bs4iWd+SBRJols=
-125,-72,fQvZw8J158Icdy/JGs2pqUNrJqc=,9kp6H8Ac0BuC7Bs4iWd+SBRJols=
-126,-72,fQvZw8J158Icdy/JGs2pqUNrJqc=,9kp6H8Ac0BuC7Bs4iWd+SBRJols=
-127,-72,fQvZw8J158Icdy/JGs2pqUNrJqc=,9kp6H8Ac0BuC7Bs4iWd+SBRJols=
-128,-72,fQvZw8J158Icdy/JGs2pqUNrJqc=,9kp6H8Ac0BuC7Bs4iWd+SBRJols=
-121,-79,fQvZw8J158Icdy/JGs2pqUNrJqc=,9kp6H8Ac0BuC7Bs4iWd+SBRJols=
-113,-73,fQvZw8J158Icdy/JGs2pqUNrJqc=,9kp6H8Ac0BuC7Bs4iWd+SBRJols=
-114,-73,fQvZw8J158Icdy/JGs2pqUNrJqc=,9kp6H8Ac0BuC7Bs4iWd+SBRJols=
-115,-73,fQvZw8J158Icdy/JGs2pqUNrJqc=,9kp6H8Ac0BuC7Bs4iWd+SBRJols=
-116,-73,fQvZw8J158Icdy/JGs2pqUNrJqc=,9kp6H8Ac0BuC7Bs4iWd+SBRJols=
-117,-73,fQvZw8J158Icdy/JGs2pqUNrJqc=,9kp6H8Ac0BuC7Bs4iWd+SBRJols=
-118,-73,fQvZw8J158Icdy/JGs2pqUNrJqc=,9kp6H8Ac0BuC7Bs4iWd+SBRJols=
-119,-73,fQvZw8J158Icdy/JGs2pqUNrJqc=,9kp6H8Ac0BuC7Bs4iWd+SBRJols=
-119,-80,fQvZw8J158Icdy/JGs2pqUNrJqc=,9kp6H8Ac0BuC7Bs4iWd+SBRJols=
-126,-77,fQvZw8J158Icdy/JGs2pqUNrJqc=,9kp6H8Ac0BuC7Bs4iWd+SBRJols=
-120,-73,fQvZw8J158Icdy/JGs2pqUNrJqc=,9kp6H8Ac0BuC7Bs4iWd+SBRJols=
-121,-73,fQvZw8J158Icdy/JGs2pqUNrJqc=,9kp6H8Ac0BuC7Bs4iWd+SBRJols=
-122,-73,fQvZw8J158Icdy/JGs2pqUNrJqc=,9kp6H8Ac0BuC7Bs4iWd+SBRJols=
-123,-73,fQvZw8J158Icdy/JGs2pqUNrJqc=,9kp6H8Ac0BuC7Bs4iWd+SBRJols=
-124,-73,fQvZw8J158Icdy/JGs2pqUNrJqc=,9kp6H8Ac0BuC7Bs4iWd+SBRJols=
-125,-73,fQvZw8J158Icdy/JGs2pqUNrJqc=,9kp6H8Ac0BuC7Bs4iWd+SBRJols=
-126,-73,fQvZw8J158Icdy/JGs2pqUNrJqc=,9kp6H8Ac0BuC7Bs4iWd+SBRJols=
-127,-73,fQvZw8J158Icdy/JGs2pqUNrJqc=,9kp6H8Ac0BuC7Bs4iWd+SBRJols=
-128,-73,fQvZw8J158Icdy/JGs2pqUNrJqc=,9kp6H8Ac0BuC7Bs4iWd+SBRJols=
-122,-79,fQvZw8J158Icdy/JGs2pqUNrJqc=,9kp6H8Ac0BuC7Bs4iWd+SBRJols=
-113,-74,fQvZw8J158Icdy/JGs2pqUNrJqc=,9kp6H8Ac0BuC7Bs4iWd+SBRJols=
-114,-74,fQvZw8J158Icdy/JGs2pqUNrJqc=,9kp6H8Ac0BuC7Bs4iWd+SBRJols=
-115,-74,fQvZw8J158Icdy/JGs2pqUNrJqc=,9kp6H8Ac0BuC7Bs4iWd+SBRJols=
-116,-74,fQvZw8J158Icdy/JGs2pqUNrJqc=,9kp6H8Ac0BuC7Bs4iWd+SBRJols=
-117,-74,fQvZw8J158Icdy/JGs2pqUNrJqc=,9kp6H8Ac0BuC7Bs4iWd+SBRJols=
-118,-74,fQvZw8J158Icdy/JGs2pqUNrJqc=,9kp6H8Ac0BuC7Bs4iWd+SBRJols=
-120,-80,fQvZw8J158Icdy/JGs2pqUNrJqc=,9kp6H8Ac0BuC7Bs4iWd+SBRJols=
-127,-77,fQvZw8J158Icdy/JGs2pqUNrJqc=,9kp6H8Ac0BuC7Bs4iWd+SBRJols=
-128,-80,fQvZw8J158Icdy/JGs2pqUNrJqc=,9kp6H8Ac0BuC7Bs4iWd+SBRJols=
-119,-74,fQvZw8J158Icdy/JGs2pqUNrJqc=,9kp6H8Ac0BuC7Bs4iWd+SBRJols=
-120,-74,fQvZw8J158Icdy/JGs2pqUNrJqc=,9kp6H8Ac0BuC7Bs4iWd+SBRJols=
-121,-74,fQvZw8J158Icdy/JGs2pqUNrJqc=,9kp6H8Ac0BuC7Bs4iWd+SBRJols=
-122,-74,fQvZw8J158Icdy/JGs2pqUNrJqc=,9kp6H8Ac0BuC7Bs4iWd+SBRJols=
-123,-74,fQvZw8J158Icdy/JGs2pqUNrJqc=,9kp6H8Ac0BuC7Bs4iWd+SBRJols=
-124,-74,fQvZw8J158Icdy/JGs2pqUNrJqc=,9kp6H8Ac0BuC7Bs4iWd+SBRJols=
-125,-74,fQvZw8J158Icdy/JGs2pqUNrJqc=,9kp6H8Ac0BuC7Bs4iWd+SBRJols=
-126,-74,fQvZw8J158Icdy/JGs2pqUNrJqc=,9kp6H8Ac0BuC7Bs4iWd+SBRJols=
-127,-74,fQvZw8J158Icdy/JGs2pqUNrJqc=,9kp6H8Ac0BuC7Bs4iWd+SBRJols=
-128,-74,fQvZw8J158Icdy/JGs2pqUNrJqc=,9kp6H8Ac0BuC7Bs4iWd+SBRJols=
-123,-79,fQvZw8J158Icdy/JGs2pqUNrJqc=,9kp6H8Ac0BuC7Bs4iWd+SBRJols=
-113,-75,fQvZw8J158Icdy/JGs2pqUNrJqc=,9kp6H8Ac0BuC7Bs4iWd+SBRJols=
-114,-75,fQvZw8J158Icdy/JGs2pqUNrJqc=,9kp6H8Ac0BuC7Bs4iWd+SBRJols=
-115,-75,fQvZw8J158Icdy/JGs2pqUNrJqc=,9kp6H8Ac0BuC7Bs4iWd+SBRJols=
-116,-75,fQvZw8J158Icdy/JGs2pqUNrJqc=,9kp6H8Ac0BuC7Bs4iWd+SBRJols=
-117,-75,fQvZw8J158Icdy/JGs2pqUNrJqc=,9kp6H8Ac0BuC7Bs4iWd+SBRJols=
-121,-80,fQvZw8J158Icdy/JGs2pqUNrJqc=,9kp6H8Ac0BuC7Bs4iWd+SBRJols=
-128,-77,fQvZw8J158Icdy/JGs2pqUNrJqc=,9kp6H8Ac0BuC7Bs4iWd+SBRJols=
-124,-79,fQvZw8J158Icdy/JGs2pqUNrJqc=,9kp6H8Ac0BuC7Bs4iWd+SBRJols=
-118,-75,fQvZw8J158Icdy/JGs2pqUNrJqc=,9kp6H8Ac0BuC7Bs4iWd+SBRJols=
-119,-75,fQvZw8J158Icdy/JGs2pqUNrJqc=,9kp6H8Ac0BuC7Bs4iWd+SBRJols=
-120,-75,fQvZw8J158Icdy/JGs2pqUNrJqc=,9kp6H8Ac0BuC7Bs4iWd+SBRJols=
-121,-75,fQvZw8J158Icdy/JGs2pqUNrJqc=,9kp6H8Ac0BuC7Bs4iWd+SBRJols=
-122,-75,fQvZw8J158Icdy/JGs2pqUNrJqc=,9kp6H8Ac0BuC7Bs4iWd+SBRJols=
-123,-75,fQvZw8J158Icdy/JGs2pqUNrJqc=,9kp6H8Ac0BuC7Bs4iWd+SBRJols=
-124,-75,fQvZw8J158Icdy/JGs2pqUNrJqc=,9kp6H8Ac0BuC7Bs4iWd+SBRJols=
-125,-75,fQvZw8J158Icdy/JGs2pqUNrJqc=,9kp6H8Ac0BuC7Bs4iWd+SBRJols=
-126,-75,fQvZw8J158Icdy/JGs2pqUNrJqc=,9kp6H8Ac0BuC7Bs4iWd+SBRJols=
-127,-75,fQvZw8J158Icdy/JGs2pqUNrJqc=,9kp6H8Ac0BuC7Bs4iWd+SBRJols=
-128,-75,fQvZw8J158Icdy/JGs2pqUNrJqc=,9kp6H8Ac0BuC7Bs4iWd+SBRJols=
-125,-79,fQvZw8J158Icdy/JGs2pqUNrJqc=,9kp6H8Ac0BuC7Bs4iWd+SBRJols=
-113,-76,fQvZw8J158Icdy/JGs2pqUNrJqc=,9kp6H8Ac0BuC7Bs4iWd+SBRJols=
-114,-76,fQvZw8J158Icdy/JGs2pqUNrJqc=,9kp6H8Ac0BuC7Bs4iWd+SBRJols=
-115,-76,fQvZw8J158Icdy/JGs2pqUNrJqc=,9kp6H8Ac0BuC7Bs4iWd+SBRJols=
-116,-76,fQvZw8J158Icdy/JGs2pqUNrJqc=,9kp6H8Ac0BuC7Bs4iWd+SBRJols=
-122,-80,fQvZw8J158Icdy/JGs2pqUNrJqc=,9kp6H8Ac0BuC7Bs4iWd+SBRJols=
-113,-78,fQvZw8J158Icdy/JGs2pqUNrJqc=,9kp6H8Ac0BuC7Bs4iWd+SBRJols=
-117,-76,fQvZw8J158Icdy/JGs2pqUNrJqc=,9kp6H8Ac0BuC7Bs4iWd+SBRJols=
-118,-76,fQvZw8J158Icdy/JGs2pqUNrJqc=,9kp6H8Ac0BuC7Bs4iWd+SBRJols=
-119,-76,fQvZw8J158Icdy/JGs2pqUNrJqc=,9kp6H8Ac0BuC7Bs4iWd+SBRJols=
-121,-76,fQvZw8J158Icdy/JGs2pqUNrJqc=,9kp6H8Ac0BuC7Bs4iWd+SBRJols=
-122,-76,fQvZw8J158Icdy/JGs2pqUNrJqc=,9kp6H8Ac0BuC7Bs4iWd+SBRJols=
-123,-76,fQvZw8J158Icdy/JGs2pqUNrJqc=,9kp6H8Ac0BuC7Bs4iWd+SBRJols=
-124,-76,fQvZw8J158Icdy/JGs2pqUNrJqc=,9kp6H8Ac0BuC7Bs4iWd+SBRJols=
-125,-76,fQvZw8J158Icdy/JGs2pqUNrJqc=,9kp6H8Ac0BuC7Bs4iWd+SBRJols=
-120,-76,fQvZw8J158Icdy/JGs2pqUNrJqc=,9kp6H8Ac0BuC7Bs4iWd+SBRJols=
-126,-76,fQvZw8J158Icdy/JGs2pqUNrJqc=,9kp6H8Ac0BuC7Bs4iWd+SBRJols=
-127,-76,fQvZw8J158Icdy/JGs2pqUNrJqc=,9kp6H8Ac0BuC7Bs4iWd+SBRJols=
-126,-79,fQvZw8J158Icdy/JGs2pqUNrJqc=,9kp6H8Ac0BuC7Bs4iWd+SBRJols=
-123,-80,fQvZw8J158Icdy/JGs2pqUNrJqc=,9kp6H8Ac0BuC7Bs4iWd+SBRJols=
-128,-76,fQvZw8J158Icdy/JGs2pqUNrJqc=,9kp6H8Ac0BuC7Bs4iWd+SBRJols=
-113,-77,fQvZw8J158Icdy/JGs2pqUNrJqc=,9kp6H8Ac0BuC7Bs4iWd+SBRJols=
-114,-77,fQvZw8J158Icdy/JGs2pqUNrJqc=,9kp6H8Ac0BuC7Bs4iWd+SBRJols=
-115,-77,fQvZw8J158Icdy/JGs2pqUNrJqc=,9kp6H8Ac0BuC7Bs4iWd+SBRJols=
-124,-80,fQvZw8J158Icdy/JGs2pqUNrJqc=,9kp6H8Ac0BuC7Bs4iWd+SBRJols=
-114,-78,fQvZw8J158Icdy/JGs2pqUNrJqc=,9kp6H8Ac0BuC7Bs4iWd+SBRJols=
